0 20 0
1 17.607179659450953 0
2 15.500638778009169 0
3 13.646126590032985 0
4 12.013490126316078 0
5 10.576183949554366 0
6 9.310838545560264 1.897584872569242e-10
7 8.1968803525910285 1.3900726792576903e-09
8 7.2161972507546954 4.1011394930358138e-09
9 6.3528440726036983 1.2389272292207103e-08
10 5.5927833467405694 2.1177982031782688e-08
11 4.9236570591223288 3.7469084849758252e-08
12 4.3345857210745384 5.8515086004029302e-08
13 3.8159914770125076 8.4782703519822843e-08
14 3.3594423757346412 1.1532367418299784e-07
15 2.9575152732566279 1.7428504054936931e-07
16 2.6036751380899812 2.1329656646398005e-07
17 2.2921687965598037 2.7483798512985406e-07
18 2.0179313905407974 3.1605918663412248e-07
19 1.7765040266848753 3.6016873988065259e-07
20 1.5639612781789325 3.8372118639252059e-07
21 1.3768473602660507 4.0313487270441947e-07
22 1.2121199417922572 4.0649466721644278e-07
23 1.0671006791969753 4.1059390399924768e-07
24 0.93943166866716399 4.131911487722737e-07
25 0.82703710840002786 4.1105294093383216e-07
26 0.72808954763160516 4.000602270486762e-07
27 0.64098017366590221 3.8947308180554359e-07
28 0.56429265379408067 3.7953340323375004e-07
29 0.4967801067930368 3.6357661428270305e-07
30 0.43734482957731152 3.4868722766458108e-07
31 0.38502044937498414 3.364994928510745e-07
32 0.33895621123539432 3.2403313511760493e-07
33 0.29840314539541979 3.1033027335290472e-07
34 0.26270188959612101 2.954316411358244e-07
35 0.23127196834980759 2.8093472185927246e-07
36 0.20360235484649586 2.6933560521432501e-07
37 0.17924316204347684 2.5821409336302461e-07
38 0.15779832784137884 2.4667699549921246e-07
39 0.13891917541320492 2.358647259091557e-07
40 0.12229874398215403 2.2621116414878065e-07
41 0.1076667978709491 2.1754929541494757e-07
42 0.094785432673579612 2.1009429248655508e-07
43 0.083445207109125438 2.0131111350036791e-07
44 0.073461737664523269 1.9364026575886991e-07
45 0.06467270065773581 1.8735350930447437e-07
46 0.056935192977132315 1.8214115673806674e-07
47 0.05012340858469394 1.7777962885922333e-07
48 0.044126593004738625 1.7409176838060308e-07
49 0.03884724253969523 1.7091247660522349e-07
50 0.034199518933533984 1.6692680497241235e-07
51 0.030107853706476367 1.6305348384691415e-07
52 0.026505719468519786 1.5978459285678873e-07
53 0.023334548234261735 1.5700391661366071e-07
54 0.020542779151638518 1.5463339468878213e-07
55 0.018085020161366143 1.5224708118250773e-07
56 0.015921309956298316 1.5086499828598441e-07
57 0.014016468240717483 1.4935103371589492e-07
58 0.012339523725265058 1.4804942593830057e-07
59 0.010863210557139969 1.4690219579129995e-07
60 0.0095635249979003859 1.4591296051183351e-07
61 0.0084193351407841205 1.4504060545885456e-07
62 0.00741203732184574 1.44279473017214e-07
63 0.0065252536384146813 1.4364182190553481e-07
64 0.0057445656567526654 1.4303264440459899e-07
65 0.0050572799791978014 1.4253574779474241e-07
66 0.0044522218590940035 1.4205702000304387e-07
67 0.0039195535078401424 1.4166098778040459e-07
68 0.0034506141398686296 1.4131727906587185e-07
69 0.0030377791548054389 1.409949263434178e-07
70 0.0026743361672197214 1.4069409272889577e-07
71 0.0023543758683002552 1.4044307424958401e-07
72 0.0020726959449519217 1.401892451804137e-07
73 0.0018247164941091974 1.400045578931384e-07
74 0.0016064055569672058 1.3977024004642144e-07
75 0.0014142135623730983 1.3959593563038733e-07
76 0.0012450156134767643 1.3945467795369244e-07
77 0.0010960606792653467 1.3929590023859776e-07
78 0.00096492686487424043 1.3914098735538487e-07
79 0.00084948203340357519 1.3903304946691602e-07
80 0.00074784913898062321 1.3885172008769768e-07
81 0.00065837570740987688 1.3871213227253839e-07
82 0.0005796069681891908 1.3858591008355939e-07
83 0.00051026220103883785 1.3843607862346924e-07
84 0.00044921391235588497 1.3833753242569692e-07
85 0.00039546950301874603 1.382250077728176e-07
86 0.00034815512947424215 1.381398066918257e-07
87 0.00030650149570061948 1.3793374022533385e-07
88 0.00026983134503456206 1.3777694479072761e-07
89 0.00023754844848874166 1.3778292410930944e-07
90 0.00020912791051825523 1.3759534951085547e-07
91 0.00018410763461502511 1.3738466559337184e-07
92 0.00016208080996716492 1.3727413397469507e-07
93 0.00014268929702206007 1.3707490063512413e-07
94 0.00012561780440740856 1.3691650208749978e-07
95 0.00011058876253135062 1.3673488301570445e-07
96 9.7357810510292423e-05 1.3647586789487594e-07
97 8.5709823045275043e-05 1.3640310832082045e-07
98 7.5455412646895361e-05 1.3604028181756928e-07
99 6.642785033759471e-05 1.3588262375436025e-07
100 5.8480354764257483e-05 1.3560513296950463e-07
101 5.1483705644135498e-05 1.3531544665885475e-07
102 4.5324142740529142e-05 1.351173511429586e-07
103 3.9901516207154817e-05 1.3486981116565907e-07
104 3.5127658227193445e-05 1.3470860760873753e-07
105 3.0924949471099268e-05 1.3410098671830111e-07
106 2.7225057064854376e-05 1.3375771783713558e-07
107 2.3967823548984771e-05 1.333494579368415e-07
108 2.1100288763649712e-05 1.3316774691384836e-07
109 1.8575828756393736e-05 1.3265866177381577e-07
110 1.6353397711850995e-05 1.3237461625519787e-07
111 1.4396860577750731e-05 1.3155622500965047e-07
112 1.2674405536226198e-05 1.3147712544560427e-07
113 1.1158026767653724e-05 1.310166128543365e-07
114 9.823069097152095e-06 1.3036590331018604e-07
115 8.6478271200378799e-06 1.2959026662084015e-07
116 7.613192288318964e-06 1.2941817693043041e-07
117 6.7023422201189264e-06 1.2808947208023638e-07
118 5.9004671804378657e-06 1.2794550918267469e-07
119 5.1945292860331754e-06 1.2685884593469205e-07
120 4.5730505192732809e-06 1.2572711734553436e-07
121 4.0259261042295066e-06 1.2553331379163809e-07
122 3.5442602106421196e-06 1.2486593568977403e-07
123 3.1202213144309638e-06 1.2384068601830571e-07
124 2.7469148630217092e-06 1.2310943895064402e-07
125 2.4182711751219672e-06 1.2210846776700972e-07
126 2.1289467522822028e-06 1.2110275269016599e-07
127 1.8742373976418685e-06 1.1963933961552999e-07
128 1.6500017292371096e-06 1.1843802690568032e-07
129 1.4525938442541268e-06 1.1749999451620651e-07
130 1.2788040393997463e-06 1.1610025259768732e-07
131 1.1258066235471463e-06 1.1430043146423378e-07
132 9.9111397412972352e-07 1.1379554778953124e-07
133 8.7253609027472334e-07 1.1241598880154027e-07
134 7.6814498504109849e-07 1.0990675087113077e-07
135 6.7624333780624435e-07 1.0861810805014286e-07
136 5.9533689711306625e-07 1.0794272105751479e-07
137 5.2411018526849122e-07 1.0549463270711907e-07
138 4.6140510966852244e-07 1.0439859048911032e-07
139 4.0620213308611724e-07 1.0116855848530531e-07
140 3.576036967649736e-07 9.9145113384192074e-08
141 3.1481962679123547e-07 9.7801685702233658e-08
142 2.7715428646172909e-07 9.6384804359805543e-08
143 2.4399526575592994e-07 9.4010259417506066e-08
144 2.1480342401100698e-07 9.1078187357429289e-08
145 1.8910412390135102e-07 9.0126906600687166e-08
146 1.6647951419370802e-07 8.7076686186803924e-08
147 1.4656173580133661e-07 8.3971177357565322e-08
148 1.2902694067275592e-07 8.1360602491791123e-08
149 1.1359002626672665e-07 7.9048163907062837e-08
150 1.0000000000000045e-07 7.6675706205792329e-08
151 2.220446049250323e-23 3.7540976258146099e-08
