0 20 0
1 17.607179659450953 0
2 15.500638778009169 0
3 13.646126590032985 0
4 12.013490126316078 0
5 10.576183949554366 0
6 9.310838545560264 4.9555622531530225e-10
7 8.1968803525910285 3.6685820793728469e-09
8 7.2161972507546954 1.282431480202542e-08
9 6.3528440726036983 3.4975998943572695e-08
10 5.5927833467405694 6.1674066979805125e-08
11 4.9236570591223288 1.150598026637696e-07
12 4.3345857210745384 1.7326738541289778e-07
13 3.8159914770125076 3.281834314389145e-07
14 3.3594423757346412 5.6329280461426672e-07
15 2.9575152732566279 7.1494621843148734e-07
16 2.6036751380899812 8.4587479055563143e-07
17 2.2921687965598037 1.0505845482313861e-06
18 2.0179313905407974 1.3567215829079746e-06
19 1.7765040266848753 1.1738635992610061e-06
20 1.5639612781789325 1.4624512928878806e-06
21 1.3768473602660507 1.9524309744845334e-06
22 1.2121199417922572 2.1350985913873293e-06
23 1.0671006791969753 2.3757664651819499e-06
24 0.93943166866716399 1.5763332418069556e-06
25 0.82703710840002786 1.7384232251600084e-06
26 0.72808954763160516 1.9099373652231216e-06
27 0.64098017366590221 2.9518133083909606e-06
28 0.56429265379408067 1.9650219845896285e-06
29 0.4967801067930368 2.1328544868588294e-06
30 0.43734482957731152 2.7312671398978968e-06
31 0.38502044937498414 2.5410726694428254e-06
32 0.33895621123539432 2.4512374255884914e-06
33 0.29840314539541979 2.1912886006299827e-06
34 0.26270188959612101 1.9055618362377817e-06
35 0.23127196834980759 1.5271774577585919e-06
36 0.20360235484649586 1.0656093288504977e-06
37 0.17924316204347684 7.1205562885676155e-07
38 0.15779832784137884 2.0175100731107277e-06
39 0.13891917541320492 3.4444805659326434e-05
40 0.12229874398215403 2.3542714581985288e-05
41 0.1076667978709491 1.2293643018903781e-05
42 0.094785432673579612 8.6549391388621349e-06
43 0.083445207109125438 6.8964449010770265e-06
44 0.073461737664523269 5.7848438110283662e-06
45 0.06467270065773581 4.8457305327481319e-06
46 0.056935192977132315 2.7612045631075402e-06
47 0.05012340858469394 1.5292543559499964e-06
48 0.044126593004738625 8.2322034989195283e-06
49 0.03884724253969523 6.2609400624682308e-06
50 0.034199518933533984 5.6669005373661601e-06
51 0.030107853706476367 5.6506881157814101e-06
52 0.026505719468519786 5.4441137766499022e-06
53 0.023334548234261735 5.3078213424428669e-06
54 0.020542779151638518 5.1931753282336777e-06
55 0.018085020161366143 5.0957817991996602e-06
56 0.015921309956298316 5.0127593794180843e-06
57 0.014016468240717483 4.89063081586149e-06
58 0.012339523725265058 4.8516335631726924e-06
59 0.010863210557139969 4.815014430951941e-06
60 0.0095635249979003859 4.7832881025088617e-06
61 0.0084193351407841205 4.7555352755421458e-06
62 0.00741203732184574 4.7312888162338921e-06
63 0.0065252536384146813 4.7097205762567476e-06
64 0.0057445656567526654 4.6910195563266759e-06
65 0.0050572799791978014 4.6742641864540018e-06
66 0.0044522218590940035 4.6360057937431879e-06
67 0.0039195535078401424 4.6328257339515483e-06
68 0.0034506141398686296 4.6312647609339429e-06
69 0.0030377791548054389 4.6297565542645257e-06
70 0.0026743361672197214 4.6281899076454458e-06
71 0.0023543758683002552 4.6262084995061592e-06
72 0.0020726959449519217 3.70066128515207e-06
73 0.0018247164941091974 4.2649264481133074e-06
74 0.0016064055569672058 4.2683424399405231e-06
75 0.0014142135623730983 4.2715048697971286e-06
76 0.0012450156134767643 4.273762430005133e-06
77 0.0010960606792653467 4.2753774133381575e-06
78 0.00096492686487424043 4.2767258746230585e-06
79 0.00084948203340357519 4.2779988202281533e-06
80 0.00074784913898062321 4.2781071396953568e-06
81 0.00065837570740987688 4.2780736817174025e-06
82 0.0005796069681891908 4.2776190865738541e-06
83 0.00051026220103883785 4.2766548042910727e-06
84 0.00044921391235588497 4.2755434070527469e-06
85 0.00039546950301874603 4.2744454475926989e-06
86 0.00034815512947424215 4.2721251075770995e-06
87 0.00030650149570061948 4.2696306860451971e-06
88 0.00026983134503456206 4.2676338101312021e-06
89 0.00023754844848874166 4.2645723836402477e-06
90 0.00020912791051825523 4.2619832638034505e-06
91 0.00018410763461502511 4.2591290568178425e-06
92 0.00016208080996716492 4.2541967320248378e-06
93 0.00014268929702206007 4.2508379569228848e-06
94 0.00012561780440740856 4.2450215871175983e-06
95 0.00011058876253135062 4.2408881611981287e-06
96 9.7357810510292423e-05 4.2354718573211197e-06
97 8.5709823045275043e-05 4.2310422405762489e-06
98 7.5455412646895361e-05 4.2241385155523002e-06
99 6.642785033759471e-05 4.2176021309725022e-06
100 5.8480354764257483e-05 4.2106821733989218e-06
101 5.1483705644135498e-05 4.2036618846722421e-06
102 4.5324142740529142e-05 4.194571453146724e-06
103 3.9901516207154817e-05 4.1883317238125089e-06
104 3.5127658227193445e-05 4.1785528838272661e-06
105 3.0924949471099268e-05 4.1686768813093922e-06
106 2.7225057064854376e-05 4.1581213037889027e-06
107 2.3967823548984771e-05 4.1466696334733659e-06
108 2.1100288763649712e-05 4.1369625039093445e-06
109 1.8575828756393736e-05 4.1242177930108199e-06
110 1.6353397711850995e-05 4.1117017910040405e-06
111 1.4396860577750731e-05 4.0963116754409808e-06
112 1.2674405536226198e-05 4.0817023639943375e-06
113 1.1158026767653724e-05 4.0670010671348569e-06
114 9.823069097152095e-06 4.0503560166655637e-06
115 8.6478271200378799e-06 4.0303680772498194e-06
116 7.613192288318964e-06 4.013637750148567e-06
117 6.7023422201189264e-06 3.9939855328579891e-06
118 5.9004671804378657e-06 3.9741656898809367e-06
119 5.1945292860331754e-06 3.9510335760320566e-06
120 4.5730505192732809e-06 3.9251880405537511e-06
121 4.0259261042295066e-06 3.9044121337316392e-06
122 3.5442602106421196e-06 3.8744990454408601e-06
123 3.1202213144309638e-06 3.8483149006935128e-06
124 2.7469148630217092e-06 3.8191024685114153e-06
125 2.4182711751219672e-06 3.7859790364747573e-06
126 2.1289467522822028e-06 3.758278094389044e-06
127 1.8742373976418685e-06 3.7220322398151475e-06
128 1.6500017292371096e-06 3.6857846945866356e-06
129 1.4525938442541268e-06 3.6427558176064673e-06
130 1.2788040393997463e-06 3.5975228876944704e-06
131 1.1258066235471463e-06 3.5566346042838468e-06
132 9.9111397412972352e-07 3.514282952376936e-06
133 8.7253609027472334e-07 3.4608403021949521e-06
134 7.6814498504109849e-07 3.4178963280309101e-06
135 6.7624333780624435e-07 3.3600472003976741e-06
136 5.9533689711306625e-07 3.3070458858134372e-06
137 5.2411018526849122e-07 3.2481281667801904e-06
138 4.6140510966852244e-07 3.1892422441479434e-06
139 4.0620213308611724e-07 3.1118876263679024e-06
140 3.576036967649736e-07 3.0525051597427164e-06
141 3.1481962679123547e-07 2.989787649154773e-06
142 2.7715428646172909e-07 2.9238554471005449e-06
143 2.4399526575592994e-07 2.8358228871316519e-06
144 2.1480342401100698e-07 2.774220244203098e-06
145 1.8910412390135102e-07 2.6865077243055465e-06
146 1.6647951419370802e-07 2.6081309289387014e-06
147 1.4656173580133661e-07 2.5174048257281937e-06
148 1.2902694067275592e-07 2.433884937230545e-06
149 1.1359002626672665e-07 2.3500821500512404e-06
150 1.0000000000000045e-07 2.2482533669160748e-06
151 2.220446049250323e-23 1.9221406381034867e-06
