0 20 0
1 17.607179659450953 0
2 15.500638778009169 0
3 13.646126590032985 0
4 12.013490126316078 0
5 10.576183949554366 0
6 9.310838545560264 2.6919506263440836e-10
7 8.1968803525910285 2.0250178567935519e-09
8 7.2161972507546954 7.0723889293222212e-09
9 6.3528440726036983 1.6503637069524058e-08
10 5.5927833467405694 3.0605784087615242e-08
11 4.9236570591223288 5.2179302936522631e-08
12 4.3345857210745384 8.903812504770386e-08
13 3.8159914770125076 1.4537233805220179e-07
14 3.3594423757346412 2.2677622765512683e-07
15 2.9575152732566279 3.1352552627693382e-07
16 2.6036751380899812 4.4777962985007182e-07
17 2.2921687965598037 6.1038692489898488e-07
18 2.0179313905407974 8.3980318477726295e-07
19 1.7765040266848753 1.209093410158209e-06
20 1.5639612781789325 1.2747128842249582e-06
21 1.3768473602660507 1.5670571994114482e-06
22 1.2121199417922572 1.7821050225988062e-06
23 1.0671006791969753 1.9534497499050434e-06
24 0.93943166866716399 2.0455670468780069e-06
25 0.82703710840002786 2.1562874781978835e-06
26 0.72808954763160516 2.0113580547225234e-06
27 0.64098017366590221 2.206600170017995e-06
28 0.56429265379408067 1.8542296092999898e-06
29 0.4967801067930368 2.4122122412663074e-06
30 0.43734482957731152 2.7438030655739007e-06
31 0.38502044937498414 2.1748858016328486e-06
32 0.33895621123539432 1.7190881373859997e-06
33 0.29840314539541979 1.881262643130265e-06
34 0.26270188959612101 1.7467992299018294e-06
35 0.23127196834980759 1.6725758939598524e-06
36 0.20360235484649586 1.7285903434429968e-06
37 0.17924316204347684 1.640330061263512e-06
38 0.15779832784137884 1.5924402773339735e-06
39 0.13891917541320492 1.4309774144803949e-06
40 0.12229874398215403 1.3718448079199095e-06
41 0.1076667978709491 1.3171705778623892e-06
42 0.094785432673579612 1.3647169281557544e-06
43 0.083445207109125438 1.3089376430406397e-06
44 0.073461737664523269 8.9995070465122389e-07
45 0.06467270065773581 1.2141010860454379e-06
46 0.056935192977132315 1.350409965685427e-06
47 0.05012340858469394 1.3061549251809751e-06
48 0.044126593004738625 1.2153704700408874e-06
49 0.03884724253969523 1.0833923168021005e-06
50 0.034199518933533984 1.3370308991236217e-06
51 0.030107853706476367 1.369521196437415e-06
52 0.026505719468519786 1.3310888927151656e-06
53 0.023334548234261735 1.2848697004401668e-06
54 0.020542779151638518 1.3072924838964024e-06
55 0.018085020161366143 1.2962788672967178e-06
56 0.015921309956298316 1.1631175461854041e-06
57 0.014016468240717483 1.2784358584218681e-06
58 0.012339523725265058 1.2580929532348043e-06
59 0.010863210557139969 1.2679100961266862e-06
60 0.0095635249979003859 1.2032276005592104e-06
61 0.0084193351407841205 1.2256171828806945e-06
62 0.00741203732184574 1.236755102818454e-06
63 0.0065252536384146813 1.242778487137794e-06
64 0.0057445656567526654 1.2411433984758213e-06
65 0.0050572799791978014 1.2397060787456202e-06
66 0.0044522218590940035 1.2297132168371626e-06
67 0.0039195535078401424 1.221433715884603e-06
68 0.0034506141398686296 1.2264317752774344e-06
69 0.0030377791548054389 1.222935507894468e-06
70 0.0026743361672197214 1.2234259402428817e-06
71 0.0023543758683002552 1.1724847391616444e-06
72 0.0020726959449519217 1.2203466458322606e-06
73 0.0018247164941091974 1.2180287959858354e-06
74 0.0016064055569672058 1.1813399465776412e-06
75 0.0014142135623730983 1.2160058636631475e-06
76 0.0012450156134767643 1.2083782276693073e-06
77 0.0010960606792653467 1.200829732561599e-06
78 0.00096492686487424043 1.2023075376556486e-06
79 0.00084948203340357519 1.2035686760117385e-06
80 0.00074784913898062321 1.2046812618141265e-06
81 0.00065837570740987688 1.2056725962813507e-06
82 0.0005796069681891908 1.2064836746241045e-06
83 0.00051026220103883785 1.2071705341609878e-06
84 0.00044921391235588497 1.2077663157605394e-06
85 0.00039546950301874603 1.2082505903069299e-06
86 0.00034815512947424215 1.2087204921087906e-06
87 0.00030650149570061948 1.2090473913020022e-06
88 0.00026983134503456206 1.2092731474470404e-06
89 0.00023754844848874166 1.2096465417592674e-06
90 0.00020912791051825523 1.2097088179029917e-06
91 0.00018410763461502511 1.2098514044336476e-06
92 0.00016208080996716492 1.2098979222606358e-06
93 0.00014268929702206007 1.2098737581285264e-06
94 0.00012561780440740856 1.2099267359442382e-06
95 0.00011058876253135062 1.2097615857061425e-06
96 9.7357810510292423e-05 1.209782674516272e-06
97 8.5709823045275043e-05 1.2095448197787916e-06
98 7.5455412646895361e-05 1.2094025163019262e-06
99 6.642785033759471e-05 1.2092396122285612e-06
100 5.8480354764257483e-05 1.2090167792559382e-06
101 5.1483705644135498e-05 1.2086195055789075e-06
102 4.5324142740529142e-05 1.2083940609039044e-06
103 3.9901516207154817e-05 1.2079356863113498e-06
104 3.5127658227193445e-05 1.2076848184899663e-06
105 3.0924949471099268e-05 1.2072874906158921e-06
106 2.7225057064854376e-05 1.2068657921755862e-06
107 2.3967823548984771e-05 1.2063943478210736e-06
108 2.1100288763649712e-05 1.2057004536259836e-06
109 1.8575828756393736e-05 1.2053149396025801e-06
110 1.6353397711850995e-05 1.2048265876280081e-06
111 1.4396860577750731e-05 1.2039695406568419e-06
112 1.2674405536226198e-05 1.2032042038657474e-06
113 1.1158026767653724e-05 1.2027441243775138e-06
114 9.823069097152095e-06 1.2015805992286859e-06
115 8.6478271200378799e-06 1.2009482324553349e-06
116 7.613192288318964e-06 1.2002663480866501e-06
117 6.7023422201189264e-06 1.1991353497494568e-06
118 5.9004671804378657e-06 1.1980498284130678e-06
119 5.1945292860331754e-06 1.1966694584248218e-06
120 4.5730505192732809e-06 1.1955537468738794e-06
121 4.0259261042295066e-06 1.1942787505667721e-06
122 3.5442602106421196e-06 1.1935482622974556e-06
123 3.1202213144309638e-06 1.1918887335832729e-06
124 2.7469148630217092e-06 1.1901121375186393e-06
125 2.4182711751219672e-06 1.1886865394261748e-06
126 2.1289467522822028e-06 1.1870599403268086e-06
127 1.8742373976418685e-06 1.1853324788450837e-06
128 1.6500017292371096e-06 1.1827208516953156e-06
129 1.4525938442541268e-06 1.1813957828682636e-06
130 1.2788040393997463e-06 1.1794254745860261e-06
131 1.1258066235471463e-06 1.1762533381207177e-06
132 9.9111397412972352e-07 1.1739688320477169e-06
133 8.7253609027472334e-07 1.1710181913240605e-06
134 7.6814498504109849e-07 1.1690571235215925e-06
135 6.7624333780624435e-07 1.1661791573471076e-06
136 5.9533689711306625e-07 1.1624743033322912e-06
137 5.2411018526849122e-07 1.1582451821086286e-06
138 4.6140510966852244e-07 1.1542654481293804e-06
139 4.0620213308611724e-07 1.1509566086147844e-06
140 3.576036967649736e-07 1.1477613050723427e-06
141 3.1481962679123547e-07 1.1436126717584639e-06
142 2.7715428646172909e-07 1.1383933148967992e-06
143 2.4399526575592994e-07 1.13267284602413e-06
144 2.1480342401100698e-07 1.128589880163802e-06
145 1.8910412390135102e-07 1.1212159501966512e-06
146 1.6647951419370802e-07 1.1167991586383337e-06
147 1.4656173580133661e-07 1.10976710843669e-06
148 1.2902694067275592e-07 1.1032980483104545e-06
149 1.1359002626672665e-07 1.0956280948838806e-06
150 1.0000000000000045e-07 1.0900065853310721e-06
151 2.220446049250323e-23 1.0610364213537599e-06
