0 0 0 0 0 0 0 0 0 0 0 0 0 0 0 0 0 0 0 0 0 0 0 0 0 0 0 
0 0.003162277660168379 0.0044836738420593117 0.0068581685799568035 0.0098854970976765544 0.014677342608268699 0.021324918758878316 0.031219527052723135 0.046225016352102424 0.071066905451870152 0.10660035817780521 0.14744195615489714 0.21320071635561041 0.44721359549995793 0.57735026918962584 0.70710678118654746 0.70710678118654746 0 0 1 0 0 0 0 0 0 0 
0 0 0.003162277660168379 0.0037456336145480309 0.0059175741592636458 0.0086248569498479834 0.012444705017786158 0.018515344006020947 0.027246843806239894 0.039528470752104743 0.058123819371909642 0.085125653075874858 0.12803687993289598 0.21320071635561041 0.23570226039551587 0.44721359549995793 0.57735026918962584 1 0 0 0 0 0 0 0 0 0 
0 0 0 0.003162277660168379 0.003778106813901558 0.0060236592073866857 0.0088603193990064548 0.013007872144692095 0.018656586541256383 0.028160635851807621 0.039809371432901648 0.064018439966447988 0.086386842558136015 0.13018891098082389 0.17149858514250882 0.2581988897471611 0.3779644730092272 0.70710678118654746 0.57735026918962584 0 0 0 0 0 0 0 0 
0 0 0 0 0.003162277660168379 0.0035399172674363778 0.0056026145659201637 0.0081448997741633538 0.011987443735004533 0.017177668430602401 0.026555952586407233 0.037904902178945168 0.054882129994845173 0.084818892967997092 0.11470786693528087 0.16666666666666666 0.24253562503633297 0.31622776601683794 0.44721359549995793 0 1 0 0 0 0 0 0 
0 0 0 0 0 0.003162277660168379 0.0035199050257959303 0.00552267084392811 0.0081137404892437839 0.011773671953194386 0.017549261915501539 0.025031308716087945 0.036935842757655886 0.056980288229818973 0.077382323253413682 0.13018891098082389 0.1690308509457033 0.2672612419124244 0.33333333333333331 0.57735026918962584 1 1 0 0 0 0 0 
0 0 0 0 0 0 0.003162277660168379 0.0034255214158183775 0.005320880491277497 0.0078340464816351943 0.011364370140563074 0.016384638410380809 0.024618298195866545 0.035805743701971648 0.050443327230531826 0.076471911290187253 0.12909944487358055 0.18569533817705186 0.21821789023599239 0.35355339059327373 0.57735026918962584 0.70710678118654746 0.70710678118654746 0 0 0 0 
0 0 0 0 0 0 0 0.003162277660168379 0.0033113127385855177 0.005114437208247038 0.0074942643986398039 0.010973121339553788 0.016103915660020771 0.023433924539650597 0.034523833987986266 0.048280454958526758 0.077151674981045956 0.10660035817780521 0.15811388300841897 0.20412414523193154 0.40824829046386307 0.70710678118654746 1 1 0 0 0 
0 0 0 0 0 0 0 0 0.003162277660168379 0.0032486029950155671 0.0049616336546227709 0.0072174422495736761 0.010745236550793194 0.015611665648287395 0.022411161745176402 0.034523833987986266 0.049937616943892232 0.066666666666666666 0.10482848367219183 0.15075567228888181 0.2581988897471611 0.57735026918962584 0.40824829046386307 1 1 0 0 
0 0 0 0 0 0 0 0 0 0.003162277660168379 0.0031927705571525317 0.0048312561384356491 0.0071315864987545217 0.01046618474484164 0.015115124429539035 0.022316092133872589 0.032862038995038749 0.047298376984040214 0.071066905451870152 0.105999788000636 0.16222142113076254 0.2581988897471611 0.35355339059327373 0.5 1 0 1 
0 0 0 0 0 0 0 0 0 0 0.003162277660168379 0.0031673812556970451 0.004805415872377791 0.0070469731206654132 0.010268975665827173 0.015182917289142565 0.022304986837273527 0.032633766658241879 0.046625240412015691 0.068199433947047347 0.098058067569092022 0.14907119849998599 0.18257418583505536 0.44721359549995793 0.57735026918962584 0.5 1 
0 0 0 0 0 0 0 0 0 0 0 0.003162277660168379 0.0031426812858981064 0.0047752965357223441 0.0070070701972404156 0.010264646874122204 0.014965432360392486 0.022162110358896814 0.031622776601683791 0.047036043419179864 0.06950480468569159 0.099014754297667443 0.16666666666666666 0.17960530202677491 0.30151134457776363 0.40824829046386307 0.40824829046386307 
0 0 0 0 0 0 0 0 0 0 0 0 0.003162277660168379 0.0031562077967906971 0.0047772578222022221 0.0069442770015123211 0.010280364852510819 0.015101330108226502 0.02196343933976307 0.031766046899489794 0.047891314261057569 0.07198157507486945 0.10050378152592121 0.14586499149789456 0.22941573387056174 0.2581988897471611 0.44721359549995793 
0 0 0 0 0 0 0 0 0 0 0 0 0 0.003162277660168379 0.0031494539949954189 0.0047397091178102823 0.0069600697792253693 0.010280364852510819 0.014995689358874936 0.021968738758187341 0.032564480451291802 0.046423834544262965 0.071428571428571425 0.098058067569092022 0.14907119849998599 0.23570226039551587 0.2672612419124244 
0 0 0 0 0 0 0 0 0 0 0 0 0 0 0.003162277660168379 0.0031463502464420816 0.0047584531678936427 0.0069877124296868426 0.010179731971185753 0.014744195615489713 0.02194227995205747 0.031388241028717227 0.04805693313322127 0.065232807305344226 0.10000000000000001 0.13736056394868904 0.15617376188860607 
0 0 0 0 0 0 0 0 0 0 0 0 0 0 0 0.003162277660168379 0.0031475501056784537 0.0047663922548278372 0.0069541769073033638 0.010212059597672022 0.015068719366972806 0.021821789023599238 0.031911282313630142 0.047673129462279619 0.071611487403943297 0.11180339887498948 0.10482848367219183 
0 0 0 0 0 0 0 0 0 0 0 0 0 0 0 0 0.003162277660168379 0.0031459921129950753 0.0047499640785324841 0.0069798780960976048 0.010212059597672022 0.015104775147648125 0.021968738758187341 0.032633766658241879 0.048280454958526758 0.065512178208041838 0.072547625011001163 
0 0 0 0 0 0 0 0 0 0 0 0 0 0 0 0 0 0.003162277660168379 0.0031241915979745597 0.0047412004968877004 0.0069685142143749833 0.01017709575931423 0.014927035850663304 0.022097086912079608 0.031878835653166911 0.048564293117863207 0.051434449987363969 
0 0 0 0 0 0 0 0 0 0 0 0 0 0 0 0 0 0 0.003162277660168379 0.0031423554321149978 0.0047504464144870031 0.0069607442045931571 0.010271142116413686 0.015039719710363528 0.022011272658140596 0.032862038995038749 0.034360406637202474 
0 0 0 0 0 0 0 0 0 0 0 0 0 0 0 0 0 0 0 0.0041840271705581673 0.0041973480298825661 0.0063080498237479566 0.0092628335729454739 0.013671718540493264 0.020080483222562472 0.029617443887954616 0.031622776601683791 
0 0 0 0 0 0 0 0 0 0 0 0 0 0 0 0 0 0 0 0 0.0064028937374072271 0.0063610451597833949 0.009635002410196155 0.014064989751021514 0.020446520502738267 0.0300964632714423 0.031622776601683791 
0 0 0 0 0 0 0 0 0 0 0 0 0 0 0 0 0 0 0 0 0 0.0090796602817862261 0.0090152305746827362 0.013480321299199004 0.020336295869552101 0.02855977389887699 0.031622776601683791 
0 0 0 0 0 0 0 0 0 0 0 0 0 0 0 0 0 0 0 0 0 0 0.013806571835479847 0.01371536955121007 0.020378478648480559 0.029695693545824933 0.031622776601683791 
0 0 0 0 0 0 0 0 0 0 0 0 0 0 0 0 0 0 0 0 0 0 0 0.019752664937724759 0.019896804232983473 0.030485538042484616 0.031622776601683791 
0 0 0 0 0 0 0 0 0 0 0 0 0 0 0 0 0 0 0 0 0 0 0 0 0.028060676663315687 0.027735009811261455 0.031622776601683791 
0 0 0 0 0 0 0 0 0 0 0 0 0 0 0 0 0 0 0 0 0 0 0 0 0 0.041666666666666664 0.031622776601683791 
0 0 0 0 0 0 0 0 0 0 0 0 0 0 0 0 0 0 0 0 0 0 0 0 0 0 0.031622776601683791 
