1 0.20154968558803402
2 0.21258375895679479 0.0094566548861274354
3 0.22574993320049824 0.0094088589429403725
4 0.23927827735986251 0.0089818545874312972
5 0.25232575967243709 0.0090721621747815173
6 0.26850987331945037 0.009566490736746933
7 0.28020649092240174 0.010267671344095841
8 0.28465662699824479 0.012131201442653118
9 0.28649696189022739 0.013927130828232536
10 0.28499375821231948 0.015862740816689407
11 0.27777336993079066 0.019379420523073541
12 0.26802555069648265 0.022200557059685953
13 0.25809226948499298 0.027238368973219781
14 0.24830887114874545 0.029679423813821642
15 0.2393360593610695 0.031515277465255169
16 0.22911403865963542 0.034229985606560286
17 0.22308555926743426 0.035472060482990467
18 0.21437146467659685 0.037386552583783185
19 0.20814659386365755 0.042857150075289244
20 0.20352876963272115 0.043390993092278
21 0.20471297181792661 0.04406338376980324
22 0.21227156820322812 0.047830133602319309
23 0.21752965599832241 0.048210667318471068
24 0.23578650008047206 0.055992189446157636
25 0.240069871595679 0.062179984198436733
26 0.24995825968131344 0.066649048194247357
27 0.26286754841169002 0.070809705292156772
28 0.27126749962674557 0.070454984832937551
29 0.28967085978015222 0.076134577498384939
30 0.31836603852015677 0.084108844303180094
31 0.2889937207834356 0.08860730267747198
32 0.31897770204649079 0.081064157302506476
33 0.34155024472109996 0.09158130980375849
34 0.33889199866758091 0.10343738483376741
35 0.36239840855882344 0.096440523240632015
36 0.34543402522983269 0.10315923955560018
37 0.34692766588109558 0.10073899831724488
38 0.3904230515537146 0.10481198364987782
39 0.38941282277534489 0.11057010805825959
40 0.42463767488649196 0.1153815771186207
41 0.39988226902519997 0.12170755944009513
42 0.38736298903785621 0.11405655134774671
43 0.44024451419801724 0.12882041537673969
44 0.55504449599081707 0.12603621935242404
45 0.46847661913293742 0.18988864043476464
46 0.43445086355149376 0.15364926832828382
47 0.52796232968025913 0.135596399360641
48 0.37211834840967939 0.17080631824013559
49 0.4812602727063226 0.12050464650572519
50 0.46925157767108461 0.15015921145283076
51 0.44883312364186168 0.14830960103384469
52 0.56899581652516218 0.15297652475864407
53 0.70830611122023934 0.19681626306646913
54 0.76545520328323025 0.24059310843078785
55 0.55662069402663328 0.25245884013299152
56 0.70627045508411979 0.17846126772254994
57 0.44903941952358489 0.23080733826278424
58 0.80433900324573759 0.15257880377967548
59 0.58638192777832743 0.26829186232346153
60 1.0515650430051278 0.21261128635907448
61 0.8945673419770539 0.36000172646529532
62 2.1902192261684243 0.28318054510194801
63 0.19515678305541395 0.70949764372154989
64 0.50806069962681466 0.062590373013282227
65 1.3518656974175158 0.17531425107895607
66 0.81723846619799834 0.45624896976628954
67 0.52278754178573628 0.27949331949315948
68 0.40082210267543295 0.16165353796714169
69 0.31936678537457441 0.12975788367608707
70 0.47689048083008206 0.10148293148222894
71 1.2934268250819845 0.14338258593808842
72 1.5736871221228947 0.43085503833510475
73 3.988239745039539 0.49958321337234751
74 0.28077531460623817 1.3033463219083461
75 0.2932982215890067 0.094251532261241416
76 0.30711509986036128 0.095568009641253421
77 0.32978799229130745 0.1025083777905078
78 0.35387526954446802 0.11089038073009666
79 0.37521280308483912 0.11591066804600984
80 0.39723171714775773 0.11641725196551012
81 0.42854955199041095 0.12267810906354469
82 1.1600255818945178 0.13891395526431474
83 0.97407535577011306 0.36628531161809846
84 0.37904647215438131 0.32200838207276467
85 0.3995420749296682 0.12464533776862259
86 0.41881316372872102 0.13353678974922065
87 0.43622568441392962 0.13646567733096157
88 0.44980321287490438 0.1386163598391896
89 0.46083382462143641 0.14225275549490968
90 0.46558002607084759 0.15239213777163901
91 0.45690785128927758 0.14813236591500081
92 0.47690294378333942 0.15755443147906123
93 0.46510714346547793 0.14347260643301427
94 0.47295243438897283 0.16043709674559431
95 0.48424176335789215 0.1571270546142767
96 0.47264067239422419 0.14978093515554969
97 0.47341389088657237 0.16491300502240899
98 0.49177611176246205 0.16728406038394786
99 0.49339687226631512 0.15168911528761939
100 0.49495104566635656 0.1524241187106318
101 0.48650430742068645 0.15309342581699864
102 0.50059485974744566 0.16336612069196993
103 0.49566150789983987 0.1509179559081838
104 0.49017666938482707 0.15730292221511896
105 0.48302304063811402 0.16410333759117077
106 0.49384674804275019 0.17226214002785806
107 0.49229219871413732 0.16250304312035216
108 0.49447874518454166 0.16475642527246898
109 0.49223243929836019 0.16341002815087299
110 0.50138875349322964 0.16623858132332325
111 0.49668344915299656 0.15791771763566287
112 0.49787771806389208 0.16316801877562306
113 0.49721234207284831 0.16212234388273922
114 0.49624131427566837 0.1634491591297989
115 0.50527766181806277 0.16448170841089441
116 0.50464492982910059 0.15599804316704624
117 0.50196235234537323 0.15681943127069625
118 0.50353226309074606 0.1598097269485429
119 0.50689837320534137 0.15844312872584834
120 0.50061141390119224 0.15529974669281291
121 0.5000954057340361 0.16164398253186704
122 0.495923870967938 0.16194799408485624
123 0.50195077420428535 0.16658510949544442
124 0.50149093517476773 0.16088165839880941
125 0.49210920932932084 0.16083737497587164
126 0.50383257545675308 0.1710494297286482
127 0.501569653376849 0.15918880741129637
128 0.50313333867899923 0.16200570199510628
129 0.51049256943453036 0.15962352115450484
130 0.49876729244184748 0.15279633925008393
131 0.50144171610642196 0.1649362739556374
132 0.50426410016151979 0.16233140696226028
133 0.50112478701650764 0.15897354986176537
134 0.50182223147512639 0.16222880771010284
135 0.5045083868173329 0.16146146443858636
136 0.49867682093334342 0.15960404518106069
137 0.49235924007623122 0.16441701976041656
138 0.50038753961830462 0.1726970326468717
139 0.50826340063309361 0.16373937814735098
140 0.51180950645339751 0.15458132622661
141 0.50081415905258608 0.15241498107605642
142 0.50228410817014157 0.16371826055985161
143 0.49404305616284994 0.16129868598912703
144 0.49810984367890643 0.17094915438160896
145 0.51035713273551764 0.16395979054605214
146 0.5012447054812631 0.15330643819030271
147 0.49952200196908986 0.1639125917204915
148 0.50374138851319461 0.16318915451456709
149 0.49702007251598807 0.15816056154260427
150 0.50387221901763013 0.16905444643400952
151 0.68961023199054916 0.16165294161617907
