1 0.060002207187593026
2 0.072671875252015961 0.029846897921324403
3 0.12178672782756271 0.051798332523379412 0.012757069270154155
4 0.15912194033421218 0.085320127914155608 0.020752907415718194 0.0061400258615063952
5 0.23493394532606024 0.126982490825508 0.033564422189276286 0.0097692801901285049 0.0027853024576480687
6 0.32104329853544716 0.18961988595156973 0.050693067751673308 0.015513193390674938 0.0046924229850226701 0.0013194485360551707
7 0.41471738440969463 0.27359630944489338 0.077027792654055377 0.023986041285979143 0.0071975956146089568 0.0021198386011013056 0.00061562264574470458
8 0.50703711448599376 0.37822640175548555 0.1133957034757053 0.03568646629502855 0.011073295827857826 0.003498932690485877 0.00097889015964465497 0.00028081032963793537
9 0.56883994480481737 0.48044808820234824 0.15854645605982626 0.052310795063365757 0.016948134815821986 0.0053926425579264511 0.0015357306379055657 0.00046510000161290206 0.0001188043702314342
10 0.61226708240066052 0.55802629745407784 0.20596354627535551 0.073840430294146137 0.024858382605599673 0.0076283052047371753 0.0022563491139391285 0.00076847425259192069 0.00021510875074596723 5.2801942325081868e-05
11 0.62965682004690926 0.61029558239533044 0.24370809755272788 0.097335914867876211 0.034442278775225141 0.011958862870445406 0.0037495457674039212 0.0011074887047261167 0.00029715961589925306 0.000100287187847782 2.7601015306292795e-05
12 0.64180352242994521 0.63753382686569604 0.26514226003360603 0.1118453099475232 0.04391448448563192 0.015991502342837825 0.0052972144258348775 0.0017220658192400214 0.00052828484190958443 0.00016319421528893406 4.4329843903729729e-05 1.3200485581270467e-05
13 0.64418101120670579 0.64427446599130056 0.2761234052951711 0.123292222383021 0.051929398561231771 0.020803732807360323 0.0075520035701005387 0.0025041377285764878 0.00072359655160426559 0.00022117949706455491 7.1854169418262006e-05 1.5987812555443511e-05 3.0001103593796515e-06
14 0.64616744939170656 0.64943752825815237 0.28121904942312909 0.12824220453895399 0.058061287424054635 0.024898124384106855 0.010095108949416134 0.0034794788551973381 0.0012617001632443073 0.00039233968869452059 0.00012093267465400124 4.1407487461371322e-05 1.3080937545362871e-05 1.800066215627791e-06
15 0.64846589398865973 0.65272604900303233 0.286750735328553 0.13309079644629773 0.059760728790652147 0.026560146034540655 0.011422306091680733 0.004254041390537487 0.0017791375791175899 0.00054898404049561454 0.00013861102774237555 5.7283898520316385e-05 1.8268009174134405e-05 3.6335937626007974e-06 1.2000441437518606e-06
16 0.64846965398324519 0.65454850407427334 0.28537339234935327 0.13297828614340026 0.060727449292321413 0.028114177015094496 0.012306568356253277 0.0052674578888926085 0.0020332188290888347 0.00069672520580828701 0.00019262597912126828 8.2226880864121074e-05 2.7050729856816067e-05 8.5250709479293913e-06 2.1801562575604787e-06 1.2000441437518606e-06
17 0.64442075041787938 0.6552007689915913 0.28543523255698833 0.13233509363542151 0.060952407280378498 0.028143084458553097 0.01281981285615507 0.005749187903742202 0.0025427145532775333 0.0011408335075934859 0.00036495129828053132 9.310255657527967e-05 3.2890752345648432e-05 1.5912194033421217e-05 2.4357345565512544e-06 7.2671875252015956e-07
18 0.64941780102194213 0.66022839142562995 0.28741472003845392 0.13408977755897503 0.062355158866299672 0.0286467295683622 0.013304587019972764 0.0062965682004690925 0.0028164285790430385 0.0011263030907135384 0.00046140377418225431 0.00016588695376387787 6.7419092692443903e-05 2.1144055079345422e-05 7.9560970167106083e-06 3.6536018348268818e-06
19 0.65485853813620054 0.6576783954509412 0.28667701503089782 0.13310488117660091 0.062181394574572571 0.029723702672018498 0.013347430552202943 0.0063602729072807576 0.0028460488266120296 0.00131637422716142 0.00050626755087628743 0.00022309633037383722 9.9532172258326711e-05 2.5683463882835771e-05 7.0480183597818067e-06
20 0.65007165320379579 0.65070856718220116 0.28777651016685318 0.13270556513355389 0.062181755120453389 0.028558437971260571 0.013420897923865744 0.0060746269356792351 0.002798263357794561 0.0013033896174971019 0.00063675776569668699 0.00021615917902583059 7.6055567172899049e-05 2.4883043064581678e-05 9.6312989560634144e-06 2.3493394532606024e-06 1.5912194033421218e-06
21 0.64507077140942182 0.65865328129217005 0.28810198907446832 0.13403333995291863 0.062218823452846246 0.028422424934085637 0.013617783773761853 0.0065585996113258216 0.0029889998919991148 0.0012386807982897943 0.00064224995644784736 0.00027552018708029718 8.5325991720722606e-05 1.5211113434579813e-05 8.2943476881938915e-06 6.4208659707089427e-06 2.3493394532606024e-06
22 0.64293070306171363 0.6543240537033409 0.28708477567691409 0.1336130151073546 0.061558313358869889 0.028921603278754426 0.013436291230532839 0.0063679350789686371 0.0027979050558660889 0.0012625947819651434 0.00063538548720564576 0.00022667645521688731 0.00018368012472019815 4.5507195584385388e-05 3.0422226869159626e-05 4.1471738440969457e-06 6.4208659707089427e-06
23 0.67082179002912312 0.65150964877546125 0.29264834749101798 0.13472090057991096 0.061332443657172636 0.02871076098318006 0.013197736968558169 0.0060891300509026717 0.0028532499335501026 0.0015184935060705103 0.00066994825165497395 0.00030164765554207428 0.00019519361421454186 3.0613354120033027e-05 2.2753597792192694e-05 5.0703711448599376e-06 4.1471738440969457e-06
24 0.68499243256498354 0.66113766742628366 0.29511573255291768 0.12858871601549726 0.063749237227922251 0.028430740237343578 0.013403983413092884 0.0063411001841119329 0.0027819348155881216 0.0012645084932778863 0.00064616744939170647 0.00028988145504301756 0.00012194266926168958 6.9262250205160019e-05 1.8368012472019817e-05 5.6883994480481735e-06 5.0703711448599376e-06
25 0.72460243360465804 0.70117335616888077 0.28162475461230452 0.13897892056271124 0.065198414323821202 0.029422724874425658 0.01306896930264987 0.006013608837463184 0.0027323439817718083 0.0015109342937809612 0.00051877271519092767 0.00034246874817760447 0.00011595258201720704 9.6270528364491778e-05 3.7779409202814549e-05 2.449068329602642e-05
26 2.9681623062440936 1.257990336119198 0.53936412012990831 0.26173304331998559 0.12255636733925154 0.053179783298385963 0.026651018907994255 0.011464008160219185 0.0055005687746558498 0.002435910436579584 0.0012320923425681658 0.00059010396352968022 0.00026492865425059966 9.0185341568938814e-05 3.2090176121497262e-05 3.7779409202814549e-05 6.122670824006605e-06 5.6883994480481735e-06
