1 0.042168166650905142
2 0.039706617154315449 0.017307502320197506
3 0.036081099876784359 0.019472125052476297 0.008035565836996484
4 0.032157075724510452 0.023185353969822863 0.010002096861172063 0.0058339658561527268
5 0.035993934049065535 0.023056301723716751 0.011891608897390589 0.0068660682383242279 0.0048856037881738696
6 0.029794743681159985 0.028682486225678854 0.013676404305634295 0.0080482501385155183 0.005749121097773334 0.0039853134301770449
7 0.03023780756987552 0.031847899468228719 0.017661143619854987 0.0097281585481789022 0.0067724224468724238 0.004671880574376756 0.0032794183204408927
8 0.039352921259195907 0.040047859479770236 0.016591203018853935 0.010919479772465013 0.0081129086345367429 0.0055835502059323793 0.0039654998552014842 0.0027725569572970132
9 0.053283004036531467 0.046945280357732565 0.020432896087267685 0.012023072917658488 0.0090420361724657533 0.0067198641141509498 0.0046955943379647161 0.0031896325560061604 0.0023006951724733847
10 0.047703043460446085 0.054726440615881104 0.022142708204911758 0.013678979388460289 0.0098736801084996079 0.007523452094935679 0.005570891798514192 0.0038267614529317495 0.0027115648854682023 0.0019663016109317069
11 0.044812354407478654 0.062291588211519713 0.039452867508809358 0.014878158940464195 0.011195245874670712 0.0081729961391789948 0.0062442276788318889 0.0045576223424348668 0.0032151868100202541 0.0022604977145951788 0.0015543186227523634
12 0.045257204607937529 0.06733504373267743 0.04051705699356449 0.016856611156997093 0.012388693141607463 0.0092772617405135083 0.006873051472369985 0.0050783841549826561 0.0038440568321079795 0.0027482973776146646 0.0018352398448724602 0.0013329357478351115
13 0.046720089710156364 0.070265430730191647 0.040635394853157571 0.019194750627614297 0.014018758362011429 0.010310858899121918 0.0076686103777961305 0.0056648746160989482 0.0042922766353510654 0.0031674719588642799 0.002159453827625544 0.0016152651858375527 0.0010634811629358276
14 0.053132930750642557 0.076930701319434761 0.041981940710461095 0.021633612213754393 0.01586794037668279 0.011532040563626505 0.008362102238366538 0.0063193994040282846 0.0046366580116621167 0.0035666389249219038 0.0026272330866925044 0.001797199584862629 0.0012682293519088357 0.00091884435132322294
15 0.060129501420155385 0.086329854554336519 0.042472766354606041 0.024533025473870776 0.017743451727641173 0.013033902564697686 0.0094790464180989475 0.0070614881907501122 0.0053049209600589606 0.0038390527233174636 0.0028730358157964112 0.0021963282719840642 0.0015038602428643722 0.001068902133794172 0.00075185841138563866
16 0.066839596926040454 0.097078478747826671 0.046640617942221539 0.026890682034474693 0.020429554732069082 0.014984355066772712 0.010840516626386375 0.0077766544391317666 0.0057459200330551938 0.0043708750842255065 0.003267887486949627 0.0024090740059039563 0.0017843961319530851 0.0012437155127527568 0.00090451673877530597 0.00059836628477634391
17 0.073214968589052798 0.10821464421519801 0.052587458057025298 0.029706090253376748 0.022185501799764844 0.016665060452780836 0.012147284909235239 0.0089977480575093426 0.0065692615676639643 0.0047443881870086581 0.0036179536757356061 0.0027110237275487468 0.0019800263120390953 0.0014596096671355295 0.0010052194425672124 0.00072742522626705909 0.00052499367480376904
18 0.080426456149669728 0.11837981841226768 0.057971987601862673 0.033501151716239574 0.024619674792617736 0.018309135956513175 0.0139098018362496 0.010003013750837387 0.0075542539623962429 0.0054119547199905013 0.00395536211576178 0.0029908215467363878 0.0021628004438154031 0.0016222466075913838 0.0012399768399371232 0.00085584368907732494 0.00063371760978287459 0.00042885025483970526
19 0.086606723014964249 0.13050559760038458 0.063892506638608709 0.037079934790690203 0.027453326463400343 0.020489120756062785 0.015244765272424018 0.011503476267245561 0.0084269632463263612 0.0060616257325188851 0.0044144968844266321 0.0032249718971911045 0.0024486576570085196 0.0018231403658501794 0.0013609306463951679 0.0010023360503329908 0.0007086328015800448 0.00050546523637443573 0.00037403163819352855
20 0.093695621081706301 0.14173363434844929 0.070338565754816659 0.04051936006623949 0.030514949580614507 0.022645371529844721 0.01684313904795369 0.01247192794812624 0.0094827420815011519 0.0069808685695970252 0.0050016641068277726 0.0037005046303371101 0.0027129903916089655 0.00203319018099843 0.0015061242930826373 0.0011410077093553777 0.00086116648790239005 0.00056033948108646101 0.00042962559760969322 0.00029053866822473641
21 0.09998766639436571 0.15495194423250425 0.077261857601649608 0.045394300379996588 0.033358936138230121 0.025210559168563938 0.018860820710460139 0.013878321512067837 0.010467636099560532 0.0078376426940026216 0.005680414044691994 0.0041215429549825424 0.0029412218228165366 0.0021498500883898723 0.0016518914275422997 0.0012466120756197336 0.00093944167868061047 0.00067562016097196475 0.00049286782431687444 0.00034981529712951913 0.00025933422490306661
22 0.10662825206517057 0.16632248391037976 0.085215230417601054 0.049909722339063593 0.037224580964313136 0.027877331439967738 0.020658782617900585 0.015577148637905455 0.011697214704753959 0.0085834148815499261 0.0064704225427968283 0.0046703435763474259 0.0034169690030717535 0.002518154770766477 0.001872018464299949 0.0014151293942701744 0.00098858959534088814 0.00075983194777577343 0.00057947050455567839 0.00042106643556207344 0.00029660843014273644 0.00019819038325925417
23 0.11396107437430443 0.17832722131883255 0.092498590181427712 0.05541065335151029 0.040903489212737461 0.030851588579013305 0.023028304070314774 0.017367600865262352 0.012895974169580727 0.0095224838491301585 0.0070598727561017273 0.0053521170169346923 0.0039139110339491863 0.0027944442859129319 0.0020950877187164174 0.0014674704337554151 0.0011556890053206423 0.00083723229744059563 0.00063133360322060962 0.00047592472072275477 0.00034457450382329065 0.00024896048955755791 0.00016529921327154814
24 0.12171666951488122 0.19199022199839066 0.10097908727075781 0.060306561109097739 0.045486413166535955 0.033845041287017881 0.025633520104022738 0.019022713138807695 0.014334419956758635 0.010478768212490478 0.0079412478299910362 0.0057862831106028642 0.004451951217282815 0.0032807124661715123 0.0023593925295536636 0.0016965308485231618 0.0012588999510816769 0.00096730746416031786 0.00072043690221044847 0.00053163040590469793 0.00041386156457444954 0.00025725824212147251 0.00018503283593911002 0.00012987795328478784
25 0.12781344727181279 0.20510719413291664 0.11081460911082987 0.066945481776596691 0.049634877474827088 0.0376581440251594 0.027967042995992251 0.021037952399630609 0.015522305490565082 0.011827935072032118 0.0088191939732941895 0.0063573551643143818 0.0048369308876924878 0.0036518038398144792 0.0026766419287587002 0.0019438990210131782 0.0014247875279368514 0.0010298659493531569 0.00076894744650193457 0.00060066203261218527 0.0004200492103525948 0.00031546091285744756 0.00022550687422990225 0.00017431204930744485 0.00010963723329235337
26 0.13695061712929477 0.217843961395605 0.11954159263065028 0.074073558732554126 0.055075624756701892 0.041149924104601207 0.031213759207159637 0.023614189097260149 0.017351203649729745 0.013032996558537287 0.0096803788227984387 0.007180063764580755 0.0053786465798875459 0.0039520523885821258 0.0029752086309258133 0.0022518208089758024 0.0015980519559249439 0.0011237385551304485 0.00084569427786012003 0.00066432463231016526 0.00048476047969247296 0.00034122249478514126 0.00027687242198803501 0.00018293117637529669 0.0001318259689523273 9.1504921632464163e-05
27 0.14182320500107864 0.23238465467584385 0.12967057666067222 0.080933065060529968 0.060941824132403032 0.045354327015920293 0.034277771793316453 0.02579815230863701 0.018928765382150589 0.014578903706250632 0.010584688008919362 0.0079124714841046686 0.0060171592071149495 0.0044302237659885769 0.0033203967757008119 0.0024402684724599915 0.0018346177894421761 0.0013309149125464461 0.00092659144019528207 0.00071150081636626192 0.00055939944004269719 0.00039001319478638416 0.00028723159371154297 0.00021673869038320049 0.00016380819344060098 0.00011117852803208327 7.3794291639083995e-05
28 0.14833994425947541 0.24498824078296325 0.13886655626293362 0.087797613199953634 0.066700734894154914 0.050268229906505674 0.037991646210820268 0.028345503546138736 0.021339177701358607 0.015711325622144664 0.011924830653311531 0.0087074562142960468 0.0066391771626635983 0.0049083712009272843 0.0037102725543173695 0.0026854707565397871 0.0020492462246474111 0.0015160019496050028 0.0010895375126365886 0.00080457336095162519 0.00057101088747093251 0.00045235760124533777 0.0003241668112510206 0.0002533972957054214 0.00016946778906817009 0.00012556222757120959 8.9339888597209777e-05 6.5782339975412014e-05
29 0.15697017427331766 0.25657618458840165 0.14907037077663374 0.095050575818587044 0.072661944774025572 0.054770066948306252 0.041464736911090663 0.031035219046088542 0.023194138973501015 0.01751452244880336 0.013150364822592171 0.0097388395751635062 0.0072321745972266345 0.0054734945922734523 0.0040160493998521781 0.003036546992399222 0.0022575147347947554 0.0017084594739496417 0.0012457834525279065 0.00089634018662178207 0.00069321188251527429 0.00049191151573994884 0.0003628536908385063 0.00028036853803971545 0.00020552536342016421 0.00015178139741968936 0.00010752167763281739 7.6236704936285662e-05 5.4818616646176683e-05
30 0.16399753553561672 0.27049257400952376 0.15820010035440271 0.10308703301913402 0.078400119788007386 0.059846090416080897 0.04516783889027727 0.034571231522188987 0.025791241609523455 0.019191632687734557 0.014530316917351013 0.010853554528235318 0.0081592639763839944 0.006070985195404258 0.0045417506111244494 0.003378676684798531 0.002470681279904879 0.0018290915121526214 0.0013604315705146022 0.0010073817270801202 0.00074655263015598137 0.00053815834076896779 0.00040690920582008564 0.00029542337995768381 0.00022137494555101865 0.00016809167200913607 0.0001196243216951789 8.4068962712907557e-05 5.4000999329869017e-05 4.3854893316941345e-05
31 0.16860195145593349 0.28333198224346356 0.16905687769236313 0.11004302085000663 0.085065558359646964 0.064502371161726552 0.049054801062921746 0.037812500551493003 0.028195109410946658 0.021078272868242914 0.016060018976263021 0.011957435162447358 0.0090703221013572061 0.0067260645277968786 0.0049742249659402464 0.0037570537432127338 0.0028477331872585588 0.0020509311269748028 0.0015562461882453081 0.0011748770316220582 0.00088414775245955382 0.00063206532585091072 0.0004251983722115211 0.00032662924645132597 0.00025067142475426805 0.0001719156710402931 0.00013245767730056117 9.9043793231492203e-05 7.5770309741247151e-05 4.8442072928264855e-05 3.9216394985341782e-05
32 0.17399594709548277 0.29391197983652695 0.17770116960497284 0.11811063793021515 0.090804813478995272 0.070423730675335611 0.053751747717076907 0.040755873931562936 0.031357865567118851 0.023138656540958771 0.017623517501331391 0.013285361233819374 0.0099710879955151842 0.0074273925657633343 0.0055542510616961912 0.0040788059000961309 0.0030806370223212041 0.002303561199406153 0.0016752813065677597 0.0012675160338365421 0.00097076703884025999 0.00066367096877475897 0.00051900911284965352 0.00036818555789243243 0.00026917398141289994 0.00020531471339945478 0.00016178545818869869 0.00011302095291406578 8.4573109155462492e-05 5.8451381800390653e-05 4.0897815668944915e-05 2.8252671656106444e-05
33 0.17723103298218085 0.30107040713772665 0.18668282473006781 0.12583366904112336 0.097249301769291238 0.075292905507781935 0.058728989190946657 0.044080295135406108 0.033902516888848343 0.025543460264392973 0.019293609891569738 0.014424669939376274 0.010903655020305582 0.0081955559760168491 0.0061101043087057275 0.0046245212286060095 0.0033839958481860196 0.0025385678912510164 0.0019241440454449722 0.0014260878613472465 0.0010156947502987991 0.00079697937314577986 0.00054178136478641697 0.00038496356072579999 0.00030584444316969061 0.00022982106015370407 0.00016781983201280914 0.00011619950035652394 9.2504410506098441e-05 5.8525877818609027e-05 4.3297319852141228e-05 3.2559426066538676e-05 2.0240719992434467e-05
34 0.18282146273191546 0.30939930351831235 0.19283274832803973 0.13202207206805416 0.10393835807176316 0.080571220752751221 0.061915609334462433 0.047662524504712492 0.036897235266974603 0.028026932717763107 0.021000994158097603 0.015759676975222559 0.011953027056505619 0.0088649065025244653 0.0067395260244071343 0.0050690914980658572 0.0037004212474463041 0.0028707589183767598 0.0021435458734181171 0.0015447268914837919 0.0011625485248240592 0.00086665766412340032 0.00065622946681509421 0.0004835253040566947 0.00032056445205419775 0.00024936445889096729 0.00018535225913081271 0.00013425586561024731 0.00010815491956261074 7.3067686119603038e-05 6.1420014633814957e-05 5.3760838816408694e-05 2.7794632008020817e-05 1.3493813328289645e-05
35 0.18697709085892791 0.31786619260809945 0.20006902389226466 0.13798748584407261 0.10947999115839586 0.085992107758100622 0.065993400667988214 0.051565931423478838 0.039770063146402468 0.030131874780787441 0.02308822111518026 0.017740204581793935 0.013140851486101042 0.009974006698176054 0.0074870764596101057 0.0055973764034211336 0.0041883011250036708 0.0030730948894788805 0.0022923606665232426 0.0016997309498292088 0.0012759480201356972 0.00096117471727912387 0.00073864461831757195 0.00053539273051190096 0.00041048116637250451 0.00026379783033626689 0.00021739465646904838 0.00016685638613899063 0.00011067037570574441 8.3425282307247954e-05 6.298938458586469e-05 5.1451321159216726e-05 2.958650189896317e-05 2.302983794950296e-05 1.6445584993853003e-05
36 0.19167195833413295 0.32645826109787096 0.20681677971547935 0.14261426762010126 0.1140874025510371 0.090274542868050464 0.070983053305880991 0.055273907466863344 0.042497910630897105 0.032399511182496413 0.024957880465642682 0.019059541257172723 0.014772752179021135 0.010793253353990371 0.0083191362261246064 0.005985261710366732 0.0046632310612365222 0.0034755277945905149 0.002592948946265352 0.0018772317946233136 0.0014397249177869114 0.0010402403745686881 0.00078158541134195193 0.00060455796084942328 0.00046252863109312153 0.00031592709857272455 0.00023279085208697693 0.00017689957340128446 0.00011687817613981183 0.00010099427728338423 6.9719700213914358e-05 4.967162898771044e-05 3.9231632383902755e-05 3.1751367891570236e-05 1.6676779204812491e-05 1.2228768328762491e-05
37 0.19352488198008699 0.33294952538305567 0.21183756485953095 0.14821153162213654 0.11664283204689249 0.093703777348801282 0.07411910387954293 0.058571719816545513 0.045902788062746287 0.035353858915360775 0.02707121337060589 0.020639827507556018 0.015420692413344211 0.011923364945677764 0.009088395681350777 0.0067815568313448482 0.005081373206161666 0.0038246552525552512 0.0028069238929149913 0.0020854580079609358 0.0016414795957665636 0.0011656825703901454 0.00086766870549284214 0.00065725435338544842 0.00046860249979286826 0.00034667018729680148 0.00025946353201930142 0.00019605950862243342 0.0001454626010197309 9.8382303147989764e-05 7.4385006621893775e-05 5.5418223246957572e-05 4.1752963496916023e-05 3.7623778597677232e-05 2.1648659926070614e-05 1.5485580690183027e-05 1.0542041662726285e-05
38 0.19794520006279223 0.33976970004361895 0.21817252329341016 0.15320902824980553 0.12271707864417093 0.097257301659301548 0.077464735606379884 0.061713372291415339 0.048748267437962067 0.037660284211654377 0.029050894683775665 0.022230787383919079 0.016977768005518673 0.013066368714597421 0.0098529643972296351 0.007474706868210626 0.0055777238655290717 0.0041184919787839239 0.0032296880586864161 0.0023288547818723889 0.0017331901300253825 0.0012300114722960868 0.00098454726272057588 0.00075342265279454694 0.00051379544035871352 0.00040553037868415719 0.00030774899133397524 0.00019627811230475651 0.00017220798689221038 0.0001166897788400039 8.8150543620598814e-05 7.1663603940604986e-05 5.6610012994203968e-05 3.5633994708574883e-05 2.8298226637569201e-05 1.9483793933463554e-05 1.5088514518639872e-05 7.5902699971629246e-06
39 0.19902064655774268 0.34440089468525092 0.22246265758256942 0.15674932752565393 0.1265460950933224 0.10107284567133946 0.080388451940057587 0.064660373859623296 0.050860464676196905 0.039354488602481946 0.031359501416323404 0.023715106888762334 0.018486654771890602 0.014062089366835989 0.010708210612432476 0.0080965928561298976 0.0061595960699311544 0.0045199716050425805 0.0034055799173920965 0.0026581447700880076 0.0019209371164719069 0.0014315909194641211 0.0010477062005093455 0.00078135488806541293 0.00060790925935777095 0.0004611938389155774 0.00033077823514790706 0.00024438890488286266 0.00018014566471806419 0.0001245049434317643 0.00010017204758867915 8.0673488581351597e-05 5.442805362577594e-05 3.7839324475073175e-05 2.9874965260724394e-05 2.12236699781769e-05 1.5875683945785118e-05 8.7354557739493994e-06 9.6986783297081819e-06
40 0.20072555238578685 0.34678352559453873 0.22542989109151093 0.16101463705625219 0.13014142626970956 0.10522883696449603 0.084092388212799143 0.066018559785862366 0.052976546012161632 0.04196165367835273 0.033316099344060539 0.025426028828791997 0.020051110265553292 0.015196356415865577 0.011859923443396928 0.0088613062993547799 0.0067394519910389727 0.005312865287330072 0.0037565133202559589 0.0027506607025090009 0.0021596840659333302 0.0015788405605627982 0.0011332087671488465 0.00087491887463918088 0.00066705917732188375 0.00050087874682989443 0.00035811595325933079 0.00026957491762760218 0.00020999342938083016 0.0001568432404261753 0.00011496433473967508 7.8858845974066565e-05 6.453879086508128e-05 4.3240064824921994e-05 3.4561902670145584e-05 2.5195753834345876e-05 1.3827542561539495e-05 1.1906762959338839e-05 9.9266542885788635e-06 5.9035433311267196e-06
41 0.20220200400425928 0.34992084096309456 0.22860108525561998 0.16389862565199195 0.13316834178813747 0.1075011345512818 0.086923779769406989 0.06918512614163877 0.054195477575621084 0.043893957573777433 0.034742118117009661 0.027520426438231844 0.021443695507477926 0.016255091091953316 0.012508806681095136 0.0094851997423749581 0.0074067892694015501 0.0056610422991371255 0.0041892090939994299 0.0031092798302203733 0.0023177141070213972 0.0017755320194983344 0.0013562612824143403 0.00099165820432542775 0.00069261360285243932 0.00053003800362350073 0.00039324693928781624 0.00028585516743845693 0.00022939564047686772 0.00017650309797095638 0.00011740836854759408 0.00010494669561298141 6.3406774803472448e-05 5.2339385274730557e-05 3.2354454099766804e-05 2.8305006497101984e-05 1.9796663726986046e-05 1.3827542561539495e-05 9.7418969667317772e-06 9.5295881170357077e-06 5.0601799981086167e-06
42 0.20208065269792289 0.35396067406957604 0.23275934329103459 0.16685094924814914 0.13518667438288395 0.11014855707660612 0.088207435225367975 0.071836598308000113 0.056603353076428345 0.045140744100561458 0.036321653956182025 0.028660645727994136 0.022661179460311515 0.017621471763922644 0.01336394557833614 0.010445279048329441 0.0079390272749852182 0.0058832529779215426 0.0047481672777755163 0.0034439036675914798 0.0026219887182825437 0.0019697570279690046 0.0014607147326638013 0.0010756554998458559 0.00081552426535765098 0.00063404162798119722 0.00046520359460524153 0.00032770578273984686 0.00026141401929316138 0.00018734755973772699 0.00014256019451500322 9.0072832359032096e-05 7.6324869536713747e-05 5.4881494157627407e-05 4.013997968437982e-05 3.3866344478260584e-05 2.1750162887246788e-05 1.9076785046004733e-05 1.4792254833274809e-05 6.4945979778211851e-06 6.7501249162336271e-06 6.3252249976357719e-06
43 0.20402550651743551 0.35552857551756367 0.23274866074918274 0.16892661037683052 0.1375133157390723 0.1121992982995919 0.090854126343191441 0.073751536127807674 0.059131504984135955 0.047007054497630103 0.037463095751773388 0.030092599050163742 0.023735782725966322 0.018800677473803103 0.014620202031816808 0.010954904883562258 0.0088582773843673725 0.0066681255480253625 0.0050128434020004966 0.0038535497568411392 0.0029800820948880603 0.0020110088339491167 0.0015828047590228092 0.001188060475316036 0.00093015620518071608 0.00066432252779627203 0.00048761169080309159 0.00036962297100100368 0.00029343196693035829 0.00020934374715753169 0.00015230749245510972 0.00011812130402671694 8.8728461726807743e-05 7.0123473886855761e-05 4.7954703632878324e-05 3.5024099920684352e-05 2.5097380282996682e-05 1.5791214151014791e-05 1.3677694938644905e-05 1.061183498908845e-05 5.4121649815176536e-06 4.3677278869746997e-06 3.7951349985814623e-06
44 0.20301299280953494 0.35715072966890121 0.23592309960524405 0.16999122476638079 0.13993180433470362 0.11400300676120616 0.092361230349298842 0.075521149943909155 0.06112610423233833 0.048505596910623075 0.039026897649381991 0.030962261461986995 0.024526468702579251 0.019728114339858778 0.015276370435142697 0.011968975788340473 0.0092712465162172134 0.0071989458858547515 0.0053958543148942143 0.0040286798580075394 0.0031658505740820605 0.0023863448973979345 0.0018148128501492028 0.0013128380597580219 0.0010381474815853058 0.00073096074224629818 0.00054931269550224416 0.00040853952472691456 0.00030278337407496327 0.00022308045026877646 0.0001641807560194855 0.00011352981799567994 0.00010861729105905006 7.8421620213087648e-05 5.5335530414117465e-05 4.2626403229225171e-05 2.8334103306621047e-05 2.1468843374611618e-05 1.787684620869599e-05 9.7183621932476948e-06 7.3961274166374047e-06 5.0513539827498103e-06 4.7647940585178539e-06 1.2650449995271542e-06
45 0.20493205322434965 0.35826514893069866 0.23703071270676107 0.17166549366035852 0.14064969196532273 0.11421484656303657 0.093893960633011836 0.076303915720205145 0.061444150028677626 0.049643037208540429 0.040265516516470125 0.031933424895383672 0.025632924300212814 0.020301847107100927 0.01628020443258494 0.012698329176522801 0.0098059267868541543 0.0075712707550036253 0.0059665022343953784 0.0044166574024197573 0.0034381817316117636 0.0024550252241151544 0.0019510135932880915 0.0014394814028798025 0.0011578571768467551 0.00081702581583247892 0.00065994322937402755 0.00044797536075366038 0.00036461054357348285 0.00028473668290493232 0.0001942182895871019 0.00014239625441172206 0.00011072661261307057 7.2411527372700043e-05 5.7807937185647464e-05 5.342740867569962e-05 2.7174332058631047e-05 2.3218223542925585e-05 1.7840306466226557e-05 1.4897371840579992e-05 6.8388474693224525e-06 4.1804198441863593e-06 4.690542983981967e-06 3.573595543888391e-06 2.9517716655633598e-06
46 0.20514801881042469 0.3601332450927463 0.23711308521175251 0.17299526723119873 0.14120183526614663 0.11701429971726486 0.095585508046111711 0.077092637650607199 0.063000018823984885 0.051094439340382568 0.041548730408089998 0.033442722471027843 0.025914942342249017 0.021393557991279049 0.016729710313230669 0.013368448730940967 0.010625400327352605 0.0081608793604697853 0.0062095100667016404 0.0048773000199870938 0.0035689330823894224 0.0028885839083429687 0.0021616880505842904 0.0016353414172712685 0.0011835735979233931 0.00088789047758196758 0.0006708606469450171 0.00049365832118529625 0.0003788086084649444 0.00027162753346538583 0.00021522350210185026 0.00016054576879181488 0.00010892250803881724 8.9702572243500215e-05 6.1549798266795049e-05 5.9152307817871831e-05 3.3869160856916726e-05 2.3977351816439162e-05 1.7708814566638157e-05 1.0280854573757676e-05 1.1024055162029194e-05 1.0078301533738351e-05 8.0392689311276135e-06 6.133786979053341e-06 3.573595543888391e-06 3.7951349985814623e-06
47 0.20686910011395521 0.36186674482027242 0.23874379268583504 0.17399634574726811 0.14215885217615354 0.1168147420985613 0.095922608679580579 0.077608527574440631 0.064550356504538248 0.05259403965668389 0.042825121133373452 0.034577621283477585 0.027539855712611493 0.022008047683667983 0.017125834717068137 0.013846597469858519 0.011073776171625712 0.0087394286686930146 0.0068909906505986458 0.0051236616747222805 0.0039469397951800182 0.0031334301199182645 0.0023095889922016572 0.0017941037086493491 0.00134018223464182 0.0010108358295778169 0.00071691156804760221 0.00054811938332798178 0.00043216754784467155 0.00032009729547568551 0.00021159125922236256 0.00017578813991548639 0.00014070303332316359 0.00010148389773372729 7.3350540844945483e-05 6.0644654174636286e-05 2.9576153908935915e-05 2.0512308687991817e-05 2.1313201614612586e-05 1.5347639291086401e-05 8.466586119565146e-06 8.3425282307247954e-06 5.0391507668691755e-06 4.5019906014314646e-06 4.690542983981967e-06 7.9413234308630912e-07 3.3734533320724112e-06
48 0.20670858258797237 0.36109622032191219 0.24015857970061177 0.17402010231598872 0.14376365085807216 0.11791858174681702 0.096356096819423601 0.079433035253033218 0.064691838278415251 0.053365396167993122 0.042971923481631563 0.035153794811682806 0.028150860520534102 0.022672842037553601 0.018252894839154439 0.014426606084749521 0.011591609995501061 0.0090286345004652394 0.0071158530668904091 0.0055959867128437743 0.0043419101684748452 0.0031768397920241618 0.002523999873692903 0.0019018640954045743 0.0013985245327259852 0.0010871886495308642 0.00083276664862898199 0.00062092340830901117 0.00048346940478160455 0.00035855183328195199 0.0002372580456415257 0.00020060901393400464 0.00013835796563690375 9.5004612243845506e-05 7.066679789835461e-05 6.4940924697117337e-05 5.1140641206969406e-05 3.2264895173384632e-05 2.3374491295618585e-05 1.81162213724207e-05 1.1018817952574852e-05 9.9784764980589225e-06 8.3425282307247954e-06 6.4789081288317963e-06 4.5019906014314646e-06 3.9689209864462796e-06 1.9853308577157728e-06 4.2168166650905141e-07
49 0.20755693905722039 0.36114056463944649 0.23954614316795556 0.17493176711983724 0.14431315188058699 0.11845605117443553 0.097654768439505324 0.079777400072086002 0.06533348951381622 0.053461243622430474 0.043484021066401195 0.035467820947251108 0.028949387095401211 0.023514315848431427 0.018768760380419185 0.015011470304917578 0.011902836175083266 0.0093905612647432052 0.0075702276203714136 0.0059252309589018313 0.0045301592295279485 0.0033628665363623074 0.0026705309501703109 0.0020980834544207959 0.0015695491324978609 0.0012950653636383362 0.00093903925284426844 0.00065789631524210232 0.00046994203205351885 0.0004113237765486907 0.00028407005148908273 0.00021634716704261155 0.00015228713466522981 0.00011563250268204998 9.0795547144434632e-05 6.747882205331605e-05 4.7654491504359492e-05 3.3942903455953144e-05 2.7783659732636768e-05 1.8604186949573975e-05 1.9181881453151325e-05 1.1412347165166811e-05 7.8618299681676364e-06 5.6610012994203963e-06 7.5587261503037633e-06 4.5019906014314646e-06 1.8040549938392179e-06 3.9706617154315456e-06 8.4336333301810281e-07
50 0.20608809166156267 0.36296312160692357 0.2404723624678918 0.17536914223960323 0.14455755145476573 0.11872123707393023 0.098260318649742995 0.08049010257619349 0.066997819595469355 0.05461273926151039 0.044388448654592905 0.035483391074779942 0.029327560841303297 0.023404899226671723 0.018987024192579208 0.015489182206753587 0.012380669456205315 0.0098168269168829973 0.0078002383082904922 0.0062585044380442517 0.0048313673968792686 0.003768853884302357 0.0029489980918783712 0.0022521524954171286 0.001652993948750588 0.0013024190276997724 0.0010017281901074724 0.00073163009748303438 0.00052461100016063921 0.00042594745883999799 0.00028108686324511889 0.0002728111774971374 0.00017211261616029321 0.00014276918874865294 8.2212704219029761e-05 7.3959286746791121e-05 4.888229629059116e-05 4.4851286121750107e-05 2.6701750718683145e-05 2.1061806571514968e-05 1.4787943472738289e-05 1.4386411089863496e-05 4.722350551103508e-06 6.6523176653726139e-06 4.1712641153623977e-06 4.3192720858878647e-06 9.6471227173531374e-07 7.2162199753568721e-07 3.9706617154315456e-07 4.2168166650905141e-07
51 0.20721043128887695 0.36230492602194381 0.24172288679542941 0.1757870457186376 0.14476079018674243 0.11845451754132731 0.097986211928690531 0.081824386751883055 0.06591860090071823 0.054804273011676688 0.044286282917012872 0.036704674509264991 0.029697860879346359 0.023897924003580907 0.019755019952527281 0.015778435610065825 0.013165056967377116 0.01040254122944599 0.0081366767242119237 0.0065091883808420098 0.0051760799096971588 0.0040392593002422398 0.0030562092931014947 0.0024209078903146383 0.0018025729355637095 0.0013955267885475138 0.0011298708738828251 0.00085810252007991253 0.00059373719749012603 0.00044250724607045776 0.00039895078891351922 0.00027827599461266775 0.00019659726124396883 0.0001471804147538956 0.0001076260038259076 9.0901851819415015e-05 6.5541156547969373e-05 5.2601601443136132e-05 2.8032053826093812e-05 2.308117435004814e-05 1.926931239521582e-05 1.5264973907342747e-05 8.5252806458450343e-06 8.6576426770230974e-06 5.7451834382763495e-06 5.0651064257971968e-06 1.4397573619626214e-06 3.2157075724510454e-06 1.4432439950713744e-06 1.1911985146294635e-06 1.2650449995271542e-06
52 0.20644854593954662 0.36358592746965374 0.24182170587476101 0.17688417460334435 0.14533473733177751 0.12035230506429687 0.098347960217717578 0.081712557582144921 0.067262264777655109 0.055129732116076247 0.045387314595953486 0.036590474644610758 0.030460102574543159 0.024656667902038739 0.020083519998370897 0.015917421542862156 0.013142946182971495 0.010481935713551499 0.0083768794223763668 0.006667431460789644 0.0053312358190055918 0.0043566744256213217 0.0033652294291908551 0.0025036742796594167 0.0020604418257641134 0.0015572187909118434 0.0011298425913166819 0.00087680024828463575 0.00066335584885610262 0.00052194172063431421 0.00039345825012047935 0.00027496608258450572 0.00023611296512589987 0.0001472314291254392 0.00010696718667906074 9.8108057909330736e-05 6.2829221110478035e-05 4.9306191164527416e-05 4.0381027370488341e-05 2.3827245752179746e-05 2.0365742073571888e-05 1.6132447586692316e-05 1.001763912669368e-05 7.9924506054797184e-06 7.0835258266552616e-06 2.7214026812887965e-06 3.2774218049275981e-06 3.5993934049065535e-06 6.4314151449020906e-07 3.6081099876784361e-07 7.9413234308630912e-07 8.4336333301810281e-07
53 0.20821235080669226 0.36281680360507806 0.24223728259394872 0.17728934173277588 0.14526910164614856 0.12044702398818562 0.098978589640523001 0.081550440437520008 0.067543555422213394 0.055692554317439719 0.045016187758006969 0.037245485098754173 0.029929940632710459 0.025064599726413204 0.020258311613112628 0.016300787225170942 0.013239037176257754 0.010909967868378848 0.0087336999140205235 0.0069984055933777238 0.0056164514352053108 0.0042437611496588239 0.0036755225417393505 0.0027600785230644295 0.002095551826548791 0.0016035547974449292 0.0012608082924595891 0.00095043728287730572 0.00067102059817701718 0.00057450268011023935 0.00044672741154727337 0.00032308360375746682 0.0002359708926907031 0.00015647168720644953 0.00013510648790334424 8.9273366326133406e-05 7.9072166076177012e-05 6.6171200956780039e-05 4.5097126065116535e-05 3.1879758450385535e-05 2.6163250237687559e-05 2.4438890488286268e-05 1.3443706322243598e-05 9.5406086920892184e-06 9.0581106862103502e-06 7.477055039247221e-06 3.9309149840838182e-06 4.1712641153623977e-06 2.1596360429439324e-06 1.2862830289804181e-06 7.2162199753568721e-07
54 0.20819968819545617 0.36380111207050109 0.24231898079654288 0.17676914682822803 0.14608348289338208 0.12072134246385109 0.099193247526490294 0.081781561348049897 0.06710801991326612 0.055345999614300104 0.045083095313213424 0.037522330903621559 0.030629364529424174 0.024842538211963298 0.020506122431731985 0.017119756016897025 0.013755211952363433 0.011247666140682656 0.00905650003128778 0.0070752131181018333 0.0057022014226084435 0.0045123020997263246 0.0036243355779989059 0.0028325127844596831 0.0022484062121933051 0.0017549265483756916 0.0013795614816131214 0.0010395640926579063 0.00081348666574801096 0.00059816693323208375 0.00045035167720506046 0.00036695465948526019 0.00027296832528683664 0.00018597705949352026 0.00012648908846030351 0.00010046379869735853 7.8013662465179637e-05 7.3214968589052789e-05 4.8124509786749126e-05 3.6077700852093232e-05 3.1879758450385535e-05 2.3360044855078178e-05 1.3577161382381258e-05 1.2547459234094024e-05 7.1554565190669138e-06 5.8611304440184606e-06 3.1482337007356723e-06 4.233293059782573e-06 3.2774218049275981e-06 1.4397573619626214e-06 1.6078537862255227e-06
55 0.20684883100118087 0.3623632293166637 0.24127022574427076 0.1784561875956035 0.14592794623519159 0.12129726810924593 0.099594121637216634 0.082594548344676125 0.06779721018034654 0.055997203214493523 0.045730587677013615 0.037656880036240632 0.031146533824951708 0.02514287480867557 0.021010810236082582 0.016965323687646704 0.013963288562491225 0.011476862699640693 0.0091672736593967213 0.0075173742058646928 0.0060823647656409255 0.0047771248211849505 0.0036420977277838167 0.0029179120327912458 0.0024851927644604596 0.0019204111411220716 0.0013986042527752605 0.0011674353613220715 0.00089064972740677379 0.00060943024622536171 0.00052403513381443236 0.00040653367617970326 0.00028946112891073324 0.00021752163421294793 0.00018097767617380195 0.00011524561393049874 7.8812117943617455e-05 7.399233965769614e-05 5.2714777384118013e-05 3.3419798463020223e-05 1.8640145440248171e-05 2.07218429927506e-05 1.7753634089859417e-05 8.1462968294287542e-06 1.2099335690019238e-05 5.7243652152535317e-06 3.7298102825572025e-06 7.8705842518391808e-07 3.3261588326863069e-06 2.0856320576811988e-06 7.1987868098131069e-07 3.2157075724510453e-07
56 0.20667152184413148 0.36462070835902161 0.24381432685817089 0.17742607261641472 0.14742697114088965 0.12072286937321261 0.099544670034367996 0.081196274559184614 0.067893433951019516 0.055554696835602664 0.04607829650500949 0.037975958783004228 0.031197006605041232 0.025935722388496403 0.020723370934171995 0.017227610741162889 0.013791852704427414 0.011517324816296567 0.0092519586509349095 0.0075300531578451858 0.0061085853121088168 0.0047866135259885551 0.0039544282388913315 0.0032326940415949787 0.0023820045157371592 0.0019962471052382526 0.0015973359961169069 0.0011505913774234185 0.00092860805106431612 0.00066231436735503723 0.00052178185126261316 0.00040389049337892838 0.00030794317387264949 0.00026552930329212928 0.00017700289842818314 0.00011898532300929521 9.1821708660072166e-05 7.3615714562719602e-05 5.2277196497285322e-05 3.8071783666307454e-05 3.2751402493759823e-05 2.7058275639069926e-05 1.9127855070231324e-05 1.0278419736234399e-05 9.9565850137462566e-06 7.6181002492713719e-06 4.2932739114401479e-06 3.1969802421918883e-06 4.3288213385115487e-06 2.7214026812887965e-06 1.4897371840579992e-06 1.7996967024532768e-06 9.6471227173531374e-07 7.2162199753568721e-07 3.9706617154315456e-07 1.2650449995271542e-06
57 0.20826151906525897 0.36192316905344307 0.2439926755840629 0.17725080454520162 0.14667519052577435 0.12100775071700585 0.10005155674783424 0.082251818263046284 0.068012257790269967 0.056036629653773429 0.046593127418666128 0.037925714237483213 0.031116882961585244 0.025721746188968077 0.020863648296472956 0.017223334029443968 0.013923629995733296 0.011497559640657871 0.009704246726155533 0.0077218422544495253 0.0063301988895686457 0.0051080576896046425 0.0038835141771399332 0.0031774370222806903 0.0026265639087959202 0.0019626742832370456 0.0015578820314528254 0.0012873806539545913 0.0009276937299553074 0.00083218708729565711 0.00060274862125458419 0.00043002493778598563 0.00036938086261553894 0.0002702110063230363 0.00021424681982369233 0.00016740635574231778 9.8987789730422068e-05 7.5893453076182109e-05 7.1017512872270682e-05 4.7451609128305138e-05 3.5143184922745342e-05 2.8741026678197393e-05 1.8640145440248171e-05 1.7533867147712044e-05 8.4096161478281443e-06 3.6205763686350023e-06 4.929358984822652e-06 4.2932739114401479e-06 1.0656600807306293e-06 4.3288213385115487e-06 2.7214026812887965e-06 1.1917897472463993e-06 1.4397573619626214e-06 9.6471227173531374e-07 7.2162199753568721e-07 3.9706617154315456e-07
58 0.20806134324256706 0.3642577273059005 0.24306844355610147 0.17729840700435218 0.14796543640362875 0.12021140073824375 0.0999541280020909 0.082687322605826355 0.067580407017659619 0.055660544346974788 0.046300655413879926 0.037753610770796822 0.0308193868658901 0.02579684685988113 0.021111321122263535 0.017250356576049172 0.014171916173705333 0.011665033611005718 0.0093036293530812213 0.0077458835640273451 0.0062154792819716755 0.0049948772039060457 0.0043835376871016202 0.0034235505336269703 0.0027258680093328594 0.0022366556362351225 0.0016738410110585442 0.001399396197084248 0.0010758238331136456 0.00081153580099305243 0.0006304447631027705 0.00049212652135374279 0.00037798370327685361 0.00030163973556147813 0.00023004450538312553 0.000180058497511401 0.00012475505491624955 0.00010798667970591497 7.1208672022096784e-05 5.1097966578828907e-05 3.699616982884807e-05 2.8553837749730589e-05 2.2725462954853754e-05 1.6234965383441956e-05 1.1689244765141362e-05 7.4752143536250179e-06 5.8834365990318787e-06 7.169976705196585e-06 3.3392130422312263e-06 2.6641502018265732e-06 1.9676460629597951e-06 2.7214026812887965e-06 5.9589487362319964e-07 3.5993934049065534e-07 9.6471227173531374e-07 7.2162199753568721e-07
59 0.2068700526834171 0.36419057521178938 0.24370346437978471 0.17902920579747889 0.14631038363206525 0.12089114895069163 0.09952758580910695 0.083043927604182638 0.067509158513916104 0.056113665597610281 0.046164814385106952 0.038249356122078408 0.031249646263214071 0.026006614344597535 0.021314982855864605 0.017371821794711903 0.014149168876984154 0.011880321572110887 0.0095479786290811244 0.0078945359753329978 0.0064880730777824103 0.0051327190376282026 0.0042807703893995245 0.0034558454087644168 0.0028439215519642938 0.0022176243429381346 0.0016766055720114307 0.0014041472930605458 0.0010857965673762118 0.00083802740658700146 0.00064043831103513602 0.00059632657592309111 0.00039285027785298778 0.00030676938236962032 0.00022367353272567238 0.00018866083774806588 0.00014359095371162359 0.00010982709962712569 6.7991613148168692e-05 7.1208672022096784e-05 4.0705159817033201e-05 4.3430286320821655e-05 1.9768041519044253e-05 1.2031127446687281e-05 9.6207202272248625e-06 1.1157915457634938e-05 5.6064107652187634e-06 5.4308645529525039e-06 8.066223793346158e-06 2.3851521730223046e-06 3.1969802421918883e-06 2.361175275551754e-06 1.2095123027950209e-06 1.1917897472463993e-06 7.1987868098131069e-07 6.4314151449020906e-07 3.6081099876784361e-07 7.9413234308630912e-07
60 0.20734683899523912 0.36530148253101208 0.24349210938334381 0.1768390210686927 0.14752006557712261 0.12159401681573415 0.099971244280812194 0.082741506087071426 0.0679835061778927 0.056527005655605631 0.046233802483354972 0.037941408459659882 0.031388698265983603 0.025949659918294541 0.021409247243055918 0.017667192308471184 0.01437941028069936 0.01164169540188487 0.0096190390684211292 0.0082538858034538649 0.0064392757205360427 0.0050431831837731995 0.0043112464573676146 0.0035356995937761895 0.0028827462533453597 0.0023035577593819921 0.0018300428419464737 0.001433799056825843 0.0012040519539007408 0.00092899675252219361 0.00077570834308346708 0.00056038352215574412 0.00045095343054880524 0.00034463038815262106 0.00026431469105953894 0.00018916390196228292 0.00015214583689360153 0.00011851951734927659 7.6772341486922794e-05 5.7992846508732112e-05 4.7784766751670208e-05 3.3776621975836059e-05 2.7344995090887705e-05 1.9035891833153727e-05 1.336791938520809e-05 1.082331025562797e-05 9.563927535115662e-06 6.0736116623203266e-06 5.8834365990318787e-06 4.4812354407478659e-06 9.5406086920892167e-07 1.5984901210959441e-06 1.5741168503678362e-06 3.0237807569875521e-07 5.9589487362319964e-07
61 0.2073955377792944 0.36417776760606813 0.24213105316330555 0.1783023293185827 0.14731170289562029 0.12069410204175435 0.10034029943036282 0.081872445385981193 0.067560743589755501 0.055563561654169584 0.046572616536487983 0.038505499046046367 0.031635828651101532 0.025733151446376681 0.021413020552795502 0.017441684559262306 0.01431450391772082 0.012166568659075429 0.0099258408920732382 0.0081741624016309824 0.0065028164487769789 0.005381452059462946 0.0045376707415165328 0.0036223971611490974 0.0028390100186478765 0.0025051524954271174 0.0019408222031156719 0.0015064488529109835 0.0012246664379068697 0.00094305803325751662 0.00075533674252258206 0.00055923159617645303 0.00051486217161648192 0.00032486447792825113 0.0002879011061521896 0.00019583938249489153 0.0001431510609444303 0.00012780250299062527 7.4074698343297871e-05 6.0778103677147223e-05 4.6994203205351889e-05 3.1856511167780143e-05 2.8580218594938202e-05 1.7693820352927341e-05 1.4642993717810559e-05 1.2031127446687281e-05 1.1424605269829522e-05 5.3132930750642559e-06 8.4096161478281443e-06 4.0731484147143771e-06 2.6887412644487195e-06 1.4310913038133829e-06 1.5984901210959441e-06 3.9352921259195904e-07 1.2095123027950209e-06 5.9589487362319964e-07
62 0.20642300572935315 0.36459513354986617 0.24425250286800171 0.17855988597369146 0.14594254860406625 0.12113947779468917 0.10013235233348171 0.082913285418513338 0.068324891675102861 0.056977309798251337 0.046089637881003787 0.038205459321043134 0.031727261711297576 0.026135569766085189 0.021820157977986362 0.017691445441745446 0.014604487459114131 0.012172963961526369 0.0098623711906872056 0.0078917065920944066 0.006571662825736453 0.0052714062443910397 0.0043657807643908645 0.0036281463867476487 0.0028325958128985569 0.0024500250058679014 0.0019416369379247666 0.0015070353523229589 0.001288891312260004 0.00098894916404056914 0.00080734119452304009 0.00063900139601798798 0.00048215275447471313 0.00037044961128502972 0.00028629609242078751 0.00023684475235180133 0.00017940530843937617 0.00015848867461704783 9.8590502307053783e-05 7.7493530574527006e-05 4.371758334671993e-05 4.9993833197182859e-05 3.1856511167780143e-05 2.0785613523591419e-05 1.3672497545443853e-05 1.8303742147263197e-05 1.0025939538906068e-05 5.4116551278139849e-06 6.3759516900771074e-06 3.7376071768125089e-06 3.6205763686350023e-06 1.3443706322243597e-06 2.3851521730223046e-06 1.5984901210959441e-06 1.5741168503678362e-06 6.0475615139751043e-07 1.1917897472463993e-06 7.1987868098131069e-07 3.2157075724510453e-07
63 0.20789452342135381 0.36408270481526123 0.2432023773768896 0.17762159615688161 0.14690463051207497 0.12168259598198292 0.10050284387051268 0.082459870500590018 0.068119457025308888 0.056240981772238581 0.046146103309287201 0.038527427643238195 0.031962209026309273 0.026469954493011108 0.021309870933004814 0.017293240019309767 0.014762178984131843 0.01237657997483292 0.0099453525429776864 0.0081509716613028284 0.0066655132979246178 0.0053571581030219364 0.0044929285289746412 0.0036210889650395948 0.0029435153625890138 0.0024208697967679489 0.0019739537961968876 0.001583210375839938 0.0013537141378186382 0.0010567080545904712 0.00077095499347248659 0.00060724585536323485 0.00050749187388235992 0.00040343393741761713 0.00031394034854663537 0.00022696011471699738 0.00019146132675145616 0.00017118827141161846 0.00010864143018104086 7.1812835013779919e-05 6.0399369418381345e-05 4.4783865867371632e-05 3.9995066557746286e-05 2.9982598746146019e-05 1.9053479063292134e-05 1.3672497545443853e-05 1.1714394974248446e-05 7.3523556618644497e-06 4.8103601136124313e-06 4.781963767557831e-06 1.4016026913046909e-06 1.8102881843175012e-06 8.9624708814957312e-07 9.5406086920892167e-07 5.3283004036531464e-07 1.180587637775877e-06 6.0475615139751043e-07
64 0.20744501599338741 0.36449938896942541 0.24469176676151791 0.17785619133338951 0.14654237845988521 0.12115758375509689 0.10040416240856559 0.081659341625488033 0.068404140299970634 0.056401470749091985 0.047169721357562554 0.038758729102665763 0.032032556387980055 0.025980043874999394 0.021363091581637586 0.017810460940500081 0.014686644792875438 0.012215620361729055 0.0099948114764438906 0.0082341698985543676 0.0067380012313484642 0.0054393200037548307 0.0046680630773220195 0.0037164728335982861 0.0029125277651177676 0.0025474642759391059 0.0019418424126159918 0.0016604434873891463 0.0013302033908388826 0.0011405602542394603 0.00082818122617557696 0.00066284406335335641 0.00048370873292544203 0.00041981885912527442 0.0003476747753355074 0.00022132794572537792 0.00020322572363548131 0.00016876961395128357 0.00012462506158765827 9.0747547562987076e-05 7.3030001708928731e-05 4.6724040493464811e-05 4.371758334671993e-05 2.3997039934647773e-05 2.1549992848792448e-05 8.6606723014964241e-06 1.2868232983947157e-05 1.0250095602467391e-05 5.3471677540832362e-06 6.6142451562170929e-06 5.3132930750642559e-06 1.8688035884062545e-06 1.8102881843175012e-06 2.240617720373933e-06
65 0.20755448726473044 0.36252053769924414 0.24423240717017225 0.17801094322076497 0.14724253600178785 0.12154257008222924 0.099657579179709355 0.082721028846379815 0.068422239473700186 0.056793334202767332 0.046768520689366995 0.037967295139323391 0.031654523693141423 0.026066193410327159 0.021454568055650321 0.01787402018980733 0.014767676213921228 0.012131726712088097 0.0099317854964709896 0.008277722559000637 0.0064799515229539348 0.0054224770379426778 0.0046497412935323544 0.0038274075620986598 0.0029925896592630373 0.0024729388053928943 0.0021713152539449723 0.0016211711885142685 0.0013624151691398125 0.001094446882087899 0.00091431797430015747 0.00063621869030706577 0.0005848624088411968 0.00043846978668061657 0.00033888992242642635 0.00027551585969983605 0.00020563092829804615 0.00012757235206314885 0.00014040497295106784 9.0387407305334561e-05 6.2628589163188258e-05 4.7469501110803673e-05 3.8746765287263503e-05 3.1988475619551169e-05 2.09974099428168e-05 1.5928255583890071e-05 1.1258873991945352e-05 1.1259703860953761e-05 1.6839442775482141e-05 2.0051879077812136e-06 6.0129501420155384e-06 1.0626586150128511e-06 4.6720089710156362e-06 9.0514409215875058e-07 1.3443706322243597e-06 9.5406086920892167e-07 1.5984901210959441e-06
66 0.20858075002624904 0.36530212422054348 0.24380597839670831 0.17790158052735511 0.14748304490345096 0.12129735422559812 0.10010705386690144 0.08235910537432202 0.068489632968588232 0.056603398266746735 0.046441157673594788 0.037840925143356026 0.031188313291679339 0.026855229007047166 0.021441745981281311 0.017598381929364321 0.014574549842305712 0.012096418408254804 0.010077043401163653 0.008177535527504649 0.0067883479424369524 0.0057483440929430073 0.0044480146724569097 0.0037969146762894751 0.0031645830212494726 0.0025113488897329003 0.0020453933788111681 0.0016618223987571513 0.0013895753044408014 0.001190178024177535 0.00098327714625410199 0.00071799202889828316 0.00059965439776068271 0.00048029609938171012 0.00036365152942955894 0.00027144914184405294 0.0002394364018820004 0.00016324898124425038 0.00014388974593169116 0.00013615027680103549 6.8475308564647396e-05 8.0522471781242056e-05 3.8949334244761991e-05 3.4188322312291323e-05 2.559078049564093e-05 2.09974099428168e-05 1.6865211794707134e-05 1.2124941222094993e-05 1.1259703860953761e-05 4.3928981153431677e-06 6.0155637233436407e-06 3.6077700852093228e-06 3.7193051525449795e-06 1.4016026913046909e-06 2.715432276476252e-06 8.9624708814957312e-07 1.4310913038133829e-06 5.3283004036531464e-07 7.8705842518391808e-07 3.0237807569875521e-07
67 0.20809618967343471 0.36360028651577114 0.24338876949098612 0.17809154623032308 0.1467277967403231 0.121428333120292 0.10010567817530981 0.082457690931626679 0.06851122404769408 0.055889438021818366 0.046188239698293138 0.038736443339245565 0.031838172067701759 0.025997895064966612 0.021795668882444542 0.018124117848032802 0.014745094290516484 0.012260180572946363 0.0099814131992617284 0.0083820330239422793 0.0066818719336807532 0.0056107983144651147 0.0046150698386123535 0.0037801019261135401 0.0030746643832177531 0.0025967363871683092 0.0019876456993618689 0.0016800728734690359 0.0014030955582320858 0.0011342259963597993 0.00089989070120740451 0.00077435471166989705 0.00059271737802280141 0.00048813330549421426 0.00035800668662400533 0.00029579311006232067 0.00023772875155286623 0.00018531721515524689 0.00014598226207418542 0.00011422175707979606 6.8075138400517746e-05 5.7519259194303813e-05 4.3456572072416347e-05 4.1383667635059616e-05 3.4188322312291323e-05 2.2391932933685816e-05 1.9997533278873143e-05 7.4956496865365046e-06 9.5267395316460669e-06 3.2170582459867893e-06 5.8571974871242228e-06 6.0155637233436407e-06 3.6077700852093228e-06 2.1253172300257022e-06 1.4016026913046909e-06 1.8102881843175012e-06
68 0.20676340322802853 0.36453648775096692 0.24414697046336917 0.17709794180350388 0.14701005948403384 0.12206942731731632 0.099943826683980913 0.083240273043097612 0.068204669219093947 0.056891333188466536 0.047308988226494902 0.03847215041692529 0.031885282390112603 0.025889199688107795 0.021721473469431946 0.018149870619819361 0.014806489714784286 0.012016132910441976 0.010048855349417796 0.0084122827399891412 0.0069288716883488342 0.0055109928270357664 0.0047286618335802885 0.0037768977409247634 0.0032035450265344612 0.0025686811270545129 0.0020329313661411044 0.0017146729939561188 0.0013569047341279192 0.0011364078918447106 0.00089669175628444872 0.00076442328382134367 0.00065935153666941732 0.00044500547624424841 0.0004168329350287672 0.00031547123870828193 0.00022793469069508243 0.00018883418563064551 0.00015743763411419203 0.00013970345510325272 0.00010532136042422755 6.2402210200474597e-05 5.7519259194303813e-05 3.9622168654261958e-05 3.5297834159315553e-05 3.0769490081062195e-05 1.5994237809775584e-05 7.9990133115492565e-06 9.3695621081706291e-06 9.5267395316460669e-06 6.4341164919735786e-06 2.9285987435621114e-06 3.3419798463020226e-06 3.0064750710077692e-06 1.0626586150128511e-06 9.3440179420312723e-07 1.357716138238126e-06
69 0.20765017011767326 0.36377170390050434 0.24353248390816642 0.17874810350685202 0.14668083169485766 0.1222971347287416 0.10005339728699494 0.083165764778299081 0.067772713835517834 0.056792299200795988 0.04679400591698895 0.038143886056659818 0.031711981508066985 0.026346485604689881 0.021690168418783826 0.017867697240934049 0.014653985249774999 0.01230433333799698 0.0098652886336634306 0.008340385069543441 0.006660502174346202 0.0054736432669295083 0.004741439774611853 0.0037911353876166477 0.0031702988633806888 0.002580295138609189 0.002085140676608191 0.0017358728066751577 0.0014093479679096873 0.0011441356485989852 0.00098913261339198108 0.00074031504823484284 0.00063669686171448619 0.00049259693291872164 0.0004393961635184806 0.00033639149142672447 0.00026761885980309305 0.0001896555823340762 0.00017534602951417084 0.00013611795449456186 0.00011458822721952189 6.8236374359358686e-05 6.5238674300496164e-05 4.1085185138788439e-05 4.0900303126980092e-05 2.1909000512678617e-05 2.1652604131117838e-05 2.0259367892382408e-05 8.9988899754929148e-06 8.4326058973535669e-06 5.1964033808978548e-06 4.0213228074834866e-06 4.3928981153431677e-06 6.6839596926040452e-07 6.0129501420155391e-07 1.5939879225192769e-06 9.3440179420312723e-07 4.5257204607937529e-07
70 0.20820109244686652 0.36410499192069501 0.2428300594051907 0.17754703434947774 0.14758395254371884 0.121415223960122 0.10080997997214654 0.083230572451738996 0.068887485471999729 0.056407438365212489 0.046991014121491037 0.038740554766023519 0.031594114971383813 0.026676217977069022 0.021706709939289127 0.018244066894304151 0.015021607503302165 0.012528137148038672 0.010041657274499549 0.0082221099135426374 0.0067967852629983363 0.0055978106463732335 0.0048390479183844336 0.0039201694471594512 0.0030977350840374128 0.0025903411527557793 0.0021783294128463098 0.0017403375705937248 0.0014246686015203566 0.0011788376833448317 0.00094541735173705608 0.00082991609614578696 0.00060769176419277215 0.0005728336506610575 0.00042934518666845774 0.00033842853445465956 0.00027606040872519232 0.00023394496353647872 0.00014789655503116034 0.00014668369776666215 0.00012627810236242486 8.4763894107591541e-05 6.0819377146384918e-05 5.1056353800388306e-05 3.2868148111030748e-05 3.5787765236107575e-05 1.704033373208337e-05 1.0256496693687398e-05 9.5965426858653493e-06 7.9990133115492565e-06 5.6217372649023785e-06 6.0624706110474967e-06 4.8255873689801839e-06 3.6607484294526398e-06 6.6839596926040452e-07 1.8038850426046614e-06 1.0626586150128511e-06
71 0.20919045327548366 0.36423180976504732 0.24411746023446373 0.17947589089499985 0.14784048918255091 0.12211169362007004 0.10004126286160006 0.082961410796075483 0.068397298205625401 0.056487655517837493 0.046856873850475982 0.038549924305994854 0.03197797274380261 0.026253180290347115 0.021907029190474592 0.018449566755025616 0.014725568278974064 0.01232333954428905 0.010012931950293831 0.0082083941865563736 0.006883530527416493 0.0055169782137800324 0.0046160663246325806 0.0037806999755340149 0.003121654720719584 0.0026217916803972273 0.0021189974303397752 0.001697188619887712 0.0014383798209479204 0.0011963174639717036 0.0010251641603015948 0.0008229747647817262 0.00066074854657170571 0.00059581505218900461 0.00043543098445519574 0.00035650984250148727 0.0002823354071969812 0.0002084164675143836 0.00016482486067342819 0.00011831724402492827 0.00011296330747547544 0.00010823837345350703 7.2206280165726128e-05 4.7468782163032131e-05 3.5455801250269657e-05 3.1498641939737799e-05 2.3006420508926301e-05 1.704033373208337e-05 7.97727520620131e-06 2.1325650413034113e-06 9.9987666394365715e-06 5.6217372649023785e-06 2.5982016904489274e-06 2.412793684490092e-06 3.6607484294526398e-06 2.6735838770416181e-06 6.0129501420155391e-07 1.5939879225192769e-06
72 0.20833622581643321 0.36485879556779038 0.24256240081689945 0.17841954709951988 0.1464283068090329 0.12155105228321089 0.10026575810318801 0.082934622021240995 0.068558503335654594 0.056626310289508354 0.046761003487870371 0.038364026578413875 0.031910678521367301 0.026572458267184927 0.021721604234523999 0.018097926006771004 0.014787347387947607 0.012270272654990049 0.010176800758993897 0.008134856546017465 0.0067962861323298757 0.0056630610871250073 0.004678199680717472 0.0037256470560771055 0.0032143184592429703 0.0025837950604233003 0.0021335393956284166 0.0017337251702779978 0.0014129704299543631 0.0011649856422145568 0.00096190390684211308 0.00078454377553652613 0.00062425646791979721 0.00056322842975841173 0.00045923286414567799 0.00037737351986116965 0.00030284169416793004 0.00020941434176199926 0.00016819574571336223 0.00014887406770503191 0.00011657728455397345 0.00012307942456283146 5.5759162082109682e-05 4.5521350539262121e-05 4.8952181605626887e-05 3.9710497400302015e-05 2.8759629597151906e-05 2.6840823927080686e-05 1.8257500427232183e-05 1.2535718181173487e-05 4.2651300826068226e-06 3.9995066557746282e-06 6.5586934757194415e-06 8.6606723014964243e-07 2.412793684490092e-06 2.1964490576715839e-06 3.3419798463020226e-06 1.2025900284031078e-06 1.0626586150128511e-06 1.8688035884062545e-06 9.0514409215875058e-07 4.4812354407478656e-07 4.7703043460446083e-07
73 0.20773408968720655 0.36375779983250073 0.24417610082708388 0.17850799176670393 0.14690893548595052 0.12202414073853823 0.10051172482382782 0.082979356933639101 0.068463923169143973 0.056742435224671255 0.046726373084183481 0.038274953722336663 0.031582192493030951 0.026449162782232701 0.021905469878647037 0.017799647914401612 0.015065638289180835 0.012237020808391025 0.010125250277507804 0.0081635097741438369 0.0068106259948869027 0.0056443032459872053 0.0047989935886503902 0.0039424651934856936 0.0030988251001243003 0.0025693876815684963 0.0021121335121634826 0.0016945226353741079 0.0014365736931026909 0.0012221382167134003 0.00094667835024090069 0.00088511325881690235 0.00071175105409499275 0.00057608233534720834 0.00047565934527300498 0.00035036300411114227 0.00033673329464535139 0.00021850603250091153 0.00019445617449328502 0.00014260074093089406 0.00011520017143841755 0.00011483732508301862 6.0696702524136063e-05 6.0679088148178182e-05 3.9242543568329421e-05 2.5217790524110818e-05 2.5528176900194153e-05 2.4651111083273061e-05 1.661574814533566e-05 1.3388833646636934e-05 1.367532892491653e-05 1.1729107727168763e-05 5.9992599836619432e-06 2.8108686324511892e-06 3.4642689205985697e-06 8.0426456149669732e-07 2.9285987435621114e-06 1.336791938520809e-06
74 0.20875642529703423 0.36358333338668386 0.24613547437585551 0.17855132769936188 0.14814523135556201 0.12108994375434451 0.10051656247483723 0.083799524601624098 0.067274551477258554 0.056791058805375542 0.046571406090515473 0.038676697137308667 0.031590976796820207 0.026326789565703633 0.021854356830098204 0.017885984755008241 0.01507612493135641 0.012204125017224175 0.010294308503056189 0.0081767342894766785 0.0068809996948598264 0.0057279217706921034 0.0044923203596445348 0.0037753740580833387 0.0031593304451717555 0.0027086180546967262 0.0022076476620395448 0.0018080359349959684 0.0014934775769398917 0.0011373728953951406 0.0010414566531129143 0.00084466559698218296 0.00068101179959200017 0.00056414359117188339 0.00048575583677360422 0.00032241344742354311 0.00027910273208853702 0.00021674786781769741 0.00023575650875098353 0.00017762823631598153 0.00013345966779429826 0.00011165555077877394 9.2217851960605865e-05 7.9242917184288748e-05 6.2319063503534351e-05 2.6684929626464004e-05 2.5217790524110818e-05 1.8437016650140224e-05 2.1912098740687166e-05 2.3006420508926301e-05 7.3030001708928741e-06 6.837664462458265e-06 3.1988475619551163e-06 5.9992599836619432e-06 1.8739124216341262e-06 2.5982016904489274e-06 8.0426456149669732e-07 2.9285987435621114e-06 2.6735838770416181e-06 1.2025900284031078e-06
75 0.20536298338249395 0.36390905681400204 0.24405940770537371 0.17718174002707038 0.14555215335619995 0.121800429330296 0.099396645671586376 0.08308406945703678 0.067808080144510757 0.056731351942770111 0.047386764987410603 0.038385625759416404 0.031265257377337402 0.026124895605106935 0.021890599012604522 0.018397885024047565 0.014785002665283818 0.012277699864743882 0.0099840572239885145 0.0082999283172603203 0.0067763677035986855 0.0056359655594509991 0.0046889421401667087 0.0037573635360997489 0.0032656363971127005 0.0024586309335224424 0.0022187836785216857 0.0017776938102565623 0.0014336028637897094 0.0012514029147435905 0.00095498336802546922 0.00087904625886528617 0.00065900238605131668 0.00052338889048762023 0.00044888844888945565 0.00035327697219898486 0.00028658973104314943 0.00026920547208539742 0.00018384863788108264 0.000157171005833989 0.0001533212145043209 7.8613228974723636e-05 7.4437033852515957e-05 9.7437730373470344e-05 4.7208546407661378e-05 5.9039112792822013e-05 2.1975824398264473e-05 2.9667988851895081e-05 1.8437016650140224e-05 1.2325555541636531e-05 1.661574814533566e-05 2.4343333902976244e-06 7.97727520620131e-06 7.4639776445619393e-06 4.9993833197182857e-06 1.8739124216341262e-06 2.5982016904489274e-06 2.412793684490092e-06 1.4642993717810557e-06
76 0.20735841167615029 0.36476089522903526 0.24368634466043648 0.18028904633719542 0.14523962071970481 0.12180342141651199 0.10059453784928431 0.0828646404531765 0.068654096600107017 0.056395249648367285 0.045887116621002186 0.038710987419744866 0.031533716881154819 0.02663336739550964 0.022039784321723033 0.018001932679242754 0.014767241873240928 0.012350142145200001 0.01023245686066945 0.0083908566031392837 0.0070474988948848833 0.0056552470395722842 0.0045720651527722178 0.0038810782190367436 0.0032102748893599502 0.0025735535566078519 0.0022339949136113394 0.001824425494312967 0.0014180208765534903 0.001195703398658661 0.00098265901010193414 0.00077874180225252863 0.00061106910835670013 0.00053250657201050664 0.00043649420982751344 0.00037811774748796489 0.00030711009515025387 0.00027862890518083974 0.00023753424007535065 0.0001819133890612818 0.00013992052958391703 8.2269919977928278e-05 8.958251673863857e-05 6.5575482203406919e-05 5.9158622012464137e-05 3.3720390291186701e-05 3.1159531751767176e-05 2.9824333111930358e-05 2.2250991638921309e-05 1.4182320500107864e-05 9.5865431990506349e-06 7.668806836308768e-06 4.8686667805952489e-06 1.1396107437430442e-06
77 0.20574045593654453 0.36788171697503352 0.24374870801624166 0.18050383072504528 0.14635098995527232 0.11932647797741476 0.10061635045009372 0.082062432685443651 0.068504052944686589 0.056561256305001611 0.046885421783793395 0.038639101127273034 0.031886595878480535 0.025868393494375409 0.021689635628549846 0.018134261053323674 0.014835002817352928 0.012285300210467916 0.010196624896765628 0.0085388375266749524 0.006887208435488114 0.0054809287593063673 0.0048175092740175025 0.0038725142004354851 0.003129431632624584 0.0027065404372674565 0.0021529163810914318 0.0017476270172900514 0.0014528985734005425 0.0013456728726477002 0.0010922688486016833 0.00089649684220155577 0.00069062101936605822 0.00055625560029812574 0.00044885611433835814 0.00037587001401813658 0.00036396360720766677 0.00024689242943451781 0.00023086395000698149 0.00014647944804646625 0.00013159691974645916 0.00011308645541713844 8.7879232703696119e-05 6.9472155838127872e-05 6.3803171873585106e-05 7.1338338309147935e-05 2.3604273203830689e-05 3.4439482462479507e-05 1.2557613941865413e-05 2.2250991638921309e-05 7.0911602500539318e-06 1.3695061712929478e-05 1.661574814533566e-05 2.4343333902976244e-06 4.5584429749721766e-06 4.2651300826068226e-06 1.9997533278873141e-06
78 0.21107098833890614 0.36321005926396854 0.24492059193659615 0.17872588985522017 0.14801231810365373 0.12025195582569662 0.10114646432096976 0.082613566387948242 0.06836837644759125 0.056962132655804305 0.046431474946386081 0.038552655492424676 0.031374876014228836 0.025904875555511006 0.021678004171308982 0.018066034085315649 0.014420711180252611 0.012564021678669655 0.010265741998654288 0.0085251148710836187 0.0067723967225455581 0.0055772434805676351 0.0046087749371241321 0.0038267033735218461 0.0031542252761611613 0.0026672002138337274 0.0021966125287967765 0.0016866929106914585 0.0014858951408798667 0.001253643911905611 0.00098186576729286873 0.00080058341744100657 0.0006851943828268184 0.00052872469731882199 0.00045677923382145361 0.00033664208575376862 0.00035364114222136508 0.00024264240480511117 0.00020072555238578686 0.00015523610431503928 0.00014845890004709417 0.00013353216856626003 0.00010733629666711443 5.9832669074856932e-05 5.8502868074212945e-05 3.5446206596436165e-05 2.4359432593367586e-05 1.686019514559335e-05 2.6239605685698672e-05 2.5115227883730826e-05 1.1867195540758033e-05 7.0911602500539318e-06 8.2170370277576871e-06 1.0225075781745023e-05 1.2171666951488122e-06 3.4188322312291325e-06 2.1325650413034113e-06 1.9997533278873141e-06
79 0.20819601134646595 0.36411216603005819 0.24249666113514987 0.1776425535145531 0.14799672109042317 0.12153965756697219 0.10066286566162326 0.083281504071725826 0.068714183699651474 0.056363027357425814 0.046819106468505088 0.038761310433996485 0.032159188885543755 0.026116012376446437 0.022187574688599682 0.018286278159817097 0.014901879438842641 0.012154186577344312 0.010104310600607224 0.0083809592321875646 0.0068887727543577894 0.0055552378645765408 0.0047837670929289982 0.0040321613911790052 0.0033716359453192482 0.0027190879278326577 0.002094616249115324 0.0017362322713515871 0.0014504730190221388 0.001242711192719223 0.0010294824177238132 0.0008991823342576798 0.00073024792340226183 0.00056415705172866793 0.00044470255549683869 0.00039993559583478383 0.00028971621925475842 0.00024249678323750749 0.00020826806412438709 0.00018868201924263967 0.0001413046590559973 0.00011084931203516364 0.00011224443154845046 6.133502666692253e-05 4.8614043623321256e-05 4.3877151055659707e-05 3.5446206596436165e-05 3.3059229948141728e-05 3.0348351262068031e-05 1.4759778198205503e-05 1.4127315684598591e-05 1.0383796098163278e-05 5.6729282000431455e-06 6.8475308564647392e-06 2.5562689454362557e-06 7.3030001708928741e-06 2.2792214874860883e-06 1.0662825206517056e-06
80 0.20813990282971151 0.3647435534636404 0.24121752023547738 0.18153249641994951 0.14692503721267738 0.12280086160906949 0.10192951727046418 0.084197532744975601 0.067664879501144276 0.057014745967565492 0.046822802494343674 0.038158490448555078 0.032276264132843596 0.026540923623130559 0.02113271226701988 0.018003276225342715 0.014992051305842106 0.01238635570544426 0.010069314219477847 0.0085426222011291374 0.0069647803218500816 0.0056475524382572874 0.004716750651308995 0.00372371596088683 0.0032261424559868923 0.0025897473641347843 0.002175686741642517 0.0017927083404456203 0.0013377865776882623 0.0012204694402914854 0.00097067491172596017 0.00087589028282146996 0.00068627249419206827 0.00057923348031907462 0.00045542860175914275 0.00040371614485196878 0.00027812780014906287 0.0002856357091244097 0.00025664242892636211 0.00013143130260276855 0.00013850063114619293 0.00010548094267560362 0.00010491095603327988 6.7733708693030459e-05 6.5168465833605194e-05 3.9265189080374863e-05 3.290786329174478e-05 2.8356965277148937e-05 2.6099392064322412e-05 1.5174175631034016e-05 1.3119802842849336e-05 1.5697017427331766e-05 1.1867195540758033e-05 9.9276243500755037e-06 5.4780246851717914e-06 5.1125378908725115e-06 2.4343333902976244e-06 5.6980537187152208e-06 2.1325650413034113e-06 9.9987666394365706e-07 9.3695621081706308e-07 2.5982016904489274e-06
81 0.20714374003846053 0.36617991378106468 0.24374167182025286 0.17915911898893214 0.14706108740043858 0.12194429025966974 0.10079630608653896 0.081835811079970941 0.067605217826400082 0.056723933905615344 0.045943863937254019 0.039184799475782475 0.031932367745688403 0.026529433924164982 0.021793787630754659 0.017906998023325085 0.014877505647135879 0.01194675847105918 0.009991410795630264 0.0085025636059920563 0.0067901299068940987 0.0055838503741417892 0.0047931791206747738 0.0040363900589058012 0.0031468315530760629 0.0027301308035609772 0.0021408854008622218 0.0017572053683696503 0.0014803898142355819 0.0011767567118554159 0.00096974481843194421 0.00088205703231148823 0.00065380435803024414 0.0005147043706440512 0.0004820050032655156 0.00038567827536359838 0.00033608856728793344 0.00025173611108382331 0.00024891111795127135 0.00016166452215833833 0.00014962948296315187 0.00011441356485989851 8.3588671554251918e-05 0.00010689040803390781 6.7733708693030459e-05 5.9418307083581212e-05 4.4874501806142697e-05 3.1079648664425632e-05 1.9495413628039892e-05 1.2179716296683793e-05 1.686019514559335e-05 9.8398521321370017e-06 1.4127315684598591e-05 7.4169972129737702e-06 1.4182320500107864e-06 1.0956049370343583e-05
82 0.21218125965745777 0.367897004612107 0.24524125691955181 0.17908604341071382 0.14622878572353343 0.12214592906650486 0.10224501350085811 0.082896693962655935 0.06865606830986247 0.056786351262145228 0.047014560720054326 0.03870954359607566 0.031415776075073162 0.025848222354624195 0.021881651889035507 0.01798259707434146 0.015037895404561375 0.012210430485784091 0.010227039288473998 0.0084467544866096058 0.0069151706919333309 0.005894181183687547 0.0046756712193426414 0.0038891569904482412 0.0031604518038545939 0.0026969866718951035 0.002180384555455587 0.0018719819205606869 0.0015344317020005119 0.0012430277343159527 0.00099508199142861486 0.0008474906639715068 0.00065742101240038491 0.00053134576398648412 0.00048783225490761482 0.00039718867221879395 0.0003200309093442625 0.00027255963078838503 0.00020910338259382097 0.00014077759949703049 0.00014549806994250449 0.00012132120240255558 0.00010638454276446704 9.552991034771648e-05 6.7301368021349355e-05 3.6769727576216526e-05 2.6834074166778609e-05 4.3004730897553422e-05 4.3877151055659707e-05 2.6584654947327127e-05 1.7399594709548277e-05 6.7440780582373397e-06 1.3119802842849336e-05 1.0987912199132236e-05 4.4501983277842625e-06 5.6729282000431455e-06 4.1085185138788435e-06 6.3906723635906389e-06 1.2171666951488122e-06 2.2792214874860883e-06 1.0662825206517056e-06
83 0.21032450779324174 0.36364725580629936 0.2479606534103927 0.17900750155494252 0.14612009091630801 0.11798338646908835 0.10127449730350795 0.083243862112543685 0.069385124782154736 0.057163661850681238 0.046729376709457607 0.038372072936151559 0.032447705661416359 0.026485527620906595 0.022048241362264256 0.01810119100291167 0.014832531410367287 0.012472144232979298 0.0098712914143105797 0.0085820003116464354 0.0068896245061836649 0.0056456692066978089 0.0047493578151458424 0.0039167817886200671 0.0033968062650617087 0.0027214423696127771 0.002340859474293511 0.0017918420943886198 0.0015327498377187502 0.0012242141665892822 0.00098692654282372125 0.00084643903835214128 0.00064442444130840735 0.00057292489481914417 0.00051681677825247865 0.00036794127700659078 0.0003144410321732119 0.00029336166689890731 0.0002315732201435151 0.00018474182345667677 0.00016526066027912277 0.00012326919814573296 8.4924841681788911e-05 8.229747647817262e-05 8.5578878019829354e-05 6.3342464020093512e-05 5.0316469314822618e-05 2.6834074166778609e-05 3.7395418171785587e-05 3.6564292546383092e-05 1.9495413628039892e-05 8.6997973547741386e-06 1.011611708735601e-05 8.1998767767808361e-06 1.2557613941865413e-05 8.9003966555685249e-06 2.8364641000215727e-06
84 0.20787500196670936 0.36427771587187613 0.24261323663238865 0.17512718786581563 0.15026701599239017 0.12043163040584016 0.10048843965523734 0.081472930418023504 0.067308391699021183 0.058344242537516612 0.045660966755457763 0.038585597652483289 0.0317273101660921 0.026292603600643304 0.022152149796525945 0.017801449418055403 0.01471797644457668 0.012304700939276899 0.01014490603131866 0.0085636981445427768 0.0067253674185056194 0.0058210466557979072 0.0045516272763322374 0.0038534090919392903 0.0030625128119596817 0.0025589825516938694 0.0022241757592630419 0.0019243364361629929 0.0015417695529572209 0.0013279694950275812 0.0010930483630261448 0.00093070920810591439 0.00076592410543571807 0.00063406391974396353 0.00044102851615574412 0.00043586957202016276 0.0003658741911807111 0.00029789150416409545 0.00022976578106767565 0.00021517865588556711 0.00018677195338477213 0.00012649581404081001 8.8915487187086068e-05 6.6726661321405567e-05 6.2224921239593934e-05 6.1696400432900231e-05 3.1671232010046756e-05 3.8704976396017397e-05 3.4500952500143928e-05 2.4307021811660628e-05 1.0969287763914927e-05 3.0129275606970747e-05 1.0439756825728967e-05 1.1802136601915345e-05 4.9199260660685008e-06 6.2788069709327065e-06 2.9667988851895082e-06 2.8364641000215727e-06 1.3695061712929478e-06 3.834403418154384e-06 1.2171666951488122e-06
85 0.21210217894898381 0.3739223533013597 0.24948962637831051 0.18199710008460288 0.14679840610049105 0.11809726794794238 0.10098877868755797 0.082835065121209139 0.069142284372117432 0.054681428476115748 0.046775765686782732 0.039559805582409888 0.03145767461093197 0.026285478587164089 0.021756328960478188 0.01817301226461986 0.014870035509663449 0.01240732697127157 0.010017986605428981 0.0083294286680331477 0.0069945862208214155 0.0056611744864595416 0.0046152584199540547 0.0036681368118106055 0.0032187787463346489 0.0026685538178687273 0.0021762729542295477 0.0017726826444266713 0.0014786567853633387 0.0011594272375455776 0.0010011483420457154 0.0008140607808442337 0.00073082535133148978 0.00052231482122705301 0.0004848724092159721 0.00040187177874004721 0.00032793996371040815 0.00026872115736436408 0.00020480040911281564 0.00020309653862232043 0.00018443884790191465 0.00013398857525429304 7.9569947541799848e-05 9.0936293714065315e-05 7.8858781561661129e-05 4.6166877048730982e-05 4.3784542242703382e-05 3.3650684010674678e-05 3.0963981116813919e-05 2.3000635000095952e-05 1.4958167268714233e-05 1.2797502391234082e-05 1.2406172308752659e-05 1.2179716296683793e-05 8.4300975727966752e-06 4.9199260660685008e-06 4.7091052281995299e-06 1.4833994425947541e-06 2.8364641000215727e-06 5.4780246851717914e-06 1.2781344727181279e-06
86 0.20391564770019238 0.36316713143220403 0.2490710270019755 0.18361281401172022 0.14735222727438027 0.12215739474248685 0.099317973404229196 0.083501074069438214 0.069821359535226848 0.056811638326211354 0.04672886990784357 0.038578747050612004 0.031647844465927909 0.025624967989044962 0.022619402576096802 0.018548322973119587 0.014785892755753462 0.012456421209021644 0.010116539814355901 0.0081046133873113341 0.0066853101375067272 0.0057118994895253815 0.0046260238566525388 0.0038190223952502701 0.0031789142882320386 0.0026733284819751048 0.0021543336571605344 0.0018101129609798994 0.0015271702594004423 0.0012870561878233003 0.001025090748346892 0.00086462811358493604 0.00064958302716982327 0.00055176272963773447 0.00045212231560760717 0.00038748350651019993 0.00033592358940834718 0.00027397515955553088 0.00022531235502088988 0.00014894575208204773 0.00015591249429592276 0.00012910719353134025 9.9476366476672123e-05 8.773096780249727e-05 6.6686615390314558e-05 5.6616561121192609e-05 3.0108832857868033e-05 3.980412931154853e-05 3.5630136011302599e-05 2.3222985837610441e-05 1.9167195833413292e-05 2.0567479994482069e-05 1.4625717018553236e-05 7.0892413192872343e-06 1.0439756825728967e-05 6.7440780582373397e-06 8.1998767767808361e-06
87 0.21491576042719995 0.36868768865592572 0.2418785655367168 0.17327595538683505 0.14727528463325396 0.12118270961515634 0.10363472974208232 0.08184506456790476 0.068891780459890986 0.055698659908004294 0.047037788004529929 0.039019137555396495 0.03150125843225423 0.025556971928922281 0.021603871261328952 0.01807260908580827 0.014865935324044377 0.011966528236195616 0.009930060219595532 0.0087625919138089228 0.0068886621145509324 0.0057567305167446218 0.0047031846814187912 0.0038999663006756831 0.0033013650319310985 0.0025926729519606755 0.0023166081569947188 0.0017583011946796275 0.0014418842672034172 0.0011921914967799093 0.0010871251295206518 0.00086595367652691092 0.00072603939681414485 0.0005246632142525496 0.00047680628334732518 0.00035096252809722927 0.0002983830210559828 0.00031325389932557521 0.00017434782880806511 0.00021497692589149127 0.00017583873509686193 0.00014975805373161001 8.8120782886470336e-05 7.5114807339527926e-05 4.6925866499010167e-05 5.2540969701459953e-05 5.2572521041107413e-05 4.0145110477157373e-05 4.1794335777125959e-05 1.5835616005023378e-05 1.161149291880522e-05 1.5333756666730633e-05 1.6827938177303514e-05 1.8282146273191546e-05 5.3169309894654255e-06 5.2198784128644833e-06 5.058058543678005e-06 4.9199260660685008e-06 1.5697017427331766e-06
88 0.20355919762629027 0.36044405414839081 0.24562100881274429 0.18232579236125079 0.14744948654019457 0.11701406397535905 0.098928706908732941 0.082639582309497098 0.06979365641724361 0.056454872517190911 0.044042906209254919 0.038533268893456471 0.032827069051856332 0.026727170655143805 0.021781042501420479 0.017777480269902352 0.014972197146761131 0.012203468247659882 0.01004489596468975 0.0083933646094983255 0.0070411911600572648 0.0056182652624131987 0.0047586810989180203 0.0037899449374539777 0.0033315669568538013 0.0026132341594064172 0.0022871669034812327 0.0018209328217022047 0.0015302196717848647 0.0012557012197883417 0.0010028556744291733 0.00083304607626103584 0.00063448157206148369 0.00054401242553310568 0.00045179332338413986 0.00040393196056498297 0.00035715598447541569 0.00024865251754665238 0.00022463601991110329 0.00020340580027607597 0.00018810481015505483 0.00011791538706495445 0.00012719177166246331 8.8120782886470336e-05 7.9175067195718621e-05 7.3449182346276771e-05 5.456177622843918e-05 3.0330300600638896e-05 1.6058044190862949e-05 2.5872684052506546e-05 1.5835616005023378e-05 1.7417239378207831e-05 1.1500317500047976e-05 1.1218625451535674e-05 1.0969287763914927e-05 7.0892413192872343e-06 5.2198784128644833e-06 5.058058543678005e-06 6.5599014214246681e-06 3.1394034854663533e-06 1.4833994425947541e-06 2.8364641000215727e-06 1.3695061712929478e-06 1.2781344727181279e-06
89 0.20914991429604371 0.37068068389500441 0.25318480217917827 0.17727340227202654 0.14861997059331841 0.125482951896177 0.10028917462566762 0.083613591460437106 0.069229508101059434 0.059146612902025338 0.045783027928804176 0.038860056506315875 0.031044214750869405 0.025587812492570403 0.021502697238683342 0.016976249469694751 0.014848428758766057 0.012723861468098771 0.01032966068387926 0.00833677839001787 0.006723043294175275 0.00577331329719787 0.0047082462928206593 0.0039389374935569601 0.0031963391038768488 0.0027673165133517879 0.0022348661267795537 0.0018144582203610143 0.0015554665333447082 0.001246154502361387 0.0010839990760611058 0.00088009948191605867 0.00071433701039383824 0.00059934741334798135 0.00046540986975265701 0.00036851344810595745 0.00030815427919390448 0.00029315693523415621 0.00023829199598220848 0.00015044430691294074 0.00015151656551177085 0.00012402514955278343 7.2404185039884328e-05 8.6162167900378367e-05 6.5578257031791875e-05 5.8873767914765125e-05 5.304663169453323e-05 1.8187258742813061e-05 3.4374340680724076e-05 1.2043533143147212e-05 1.7911858190196839e-05 1.3856164004395455e-05 2.5158234657411309e-05 7.6668783333653163e-06 5.6093127257678372e-06 9.1410731365957729e-06 1.2406172308752659e-05 5.2198784128644833e-06 3.3720390291186698e-06 3.279950710712334e-06 1.5697017427331766e-06 2.9667988851895082e-06
90 0.20958076161481898 0.36441960698057391 0.24737669862590717 0.18578361791704348 0.14345824461320067 0.12417015169430011 0.09663871630930411 0.083804931165899821 0.067455896845082935 0.057579506132479225 0.045821478686660165 0.039428799853276193 0.033134026048483665 0.027707686997271289 0.021566003292967102 0.017487830967905842 0.015041985893753775 0.012224134052256664 0.010189113601071779 0.0086278164724709096 0.0068276176919412936 0.0054953571274128339 0.004565022383506802 0.0039771199411822089 0.0032558178224227426 0.0026442441677526655 0.0023026396775265999 0.0019188664511790958 0.0014738602609075814 0.0012505950928091451 0.0010159995110766717 0.00076955659598231159 0.00078647187745690343 0.00057480179262011473 0.00052907909592097657 0.0004302455684824562 0.00029564355723754777 0.00028525092060516835 0.00020438406048015119 0.00021757095285332079 0.00016074871149601889 0.00011830745526261561 0.00011162263459750507 7.0335494038744766e-05 6.9750326395544383e-05 3.2789128515895937e-05 4.8723118274288381e-05 5.1006376629358878e-05 3.4353710958646896e-05 1.4154140280298152e-05 1.8065299714720819e-05 2.1892271121351691e-05 1.5835616005023378e-05 1.161149291880522e-05 7.6668783333653163e-06 5.6093127257678372e-06 3.6564292546383091e-06
91 0.21986634194099194 0.3889619118593553 0.24810385829896217 0.17911364443703034 0.14314475478854169 0.12624325525961658 0.10286388093944129 0.086392345516886973 0.072855543174375217 0.054618955417546945 0.04479802915256207 0.040497956929051039 0.033509048911117646 0.028245399254445087 0.021850630125465908 0.017589724008831017 0.014438076781449856 0.012583001879658594 0.010632626294760644 0.0079550985318276504 0.0070504974472631685 0.0058085702752336378 0.0049316236834913039 0.0038135647467729054 0.003357477394935437 0.0027301630246347182 0.002154415577807902 0.0016699323787467684 0.0014781300615258257 0.0011993176632875417 0.0010473474657854368 0.00092061996513886153 0.00066612156964060312 0.00058257176107918778 0.00049982764575662146 0.00039474260672229112 0.00032061568805183036 0.00025192162271650196 0.00019780173326635763 0.00020851303139894211 0.00013468678033777003 0.00012983549774678448 0.0001100051777003268 8.2683433035188946e-05 7.6541567042163425e-05 6.1544405643127397e-05 5.1233013306087408e-05 4.4662858418097679e-05 4.6925866499010167e-05 3.4353710958646896e-05 3.2352320640681484e-05 1.8065299714720819e-05 1.194123879346456e-05 5.9383560018837668e-06 9.6762440990043493e-06 5.7501587500239881e-06 1.8697709085892791e-06 3.6564292546383091e-06 1.7723103298218086e-06 1.7399594709548276e-06
92 0.20961255286255942 0.36242935856260328 0.24772763913517606 0.1792973590788538 0.14513586296013448 0.11970662195082488 0.1048269887423602 0.08767006490933707 0.067233035747504236 0.056672107077011938 0.047729631639834583 0.040816913371932134 0.031810491974915894 0.027019046731411717 0.021568802475549813 0.019402634219293377 0.01484275244230952 0.011915917201089631 0.0103297905864082 0.0084823977287819784 0.0069096940442967434 0.0057578074190853968 0.0047943754652722088 0.0037540471561885547 0.003234247185414174 0.0025641275240086085 0.0022809250036176401 0.0018721414751278684 0.0016056244237888184 0.0012660776476360446 0.0010465646390478206 0.0008233602849837988 0.00072571393648333685 0.00059578575172824122 0.00046605740886335027 0.00039986211660529721 0.00032447428929528645 0.000237876155651358 0.00021860967260522898 0.00017489837467762147 0.00016928780767042824 0.00010982152858310479 0.00011540933133047509 8.3022775622888147e-05 9.7153033816347017e-05 4.3442511023930591e-05 3.2823683009667948e-05 3.893709011262643e-05 3.4512208777620942e-05 3.4684336107964034e-05 2.4249678323750747e-05 1.0110100200212964e-05 2.0072555238578686e-05 1.194123879346456e-05 2.5732876008162989e-05 9.6762440990043493e-06 3.8334391666826581e-06 1.8697709085892791e-06 3.6564292546383091e-06 5.3169309894654255e-06 3.4799189419096553e-06
93 0.22268722925299961 0.35295824209136467 0.25067563826393346 0.16121597047293768 0.14962683163737853 0.12268900279892722 0.10143282346718126 0.083000841526208957 0.067498964317646973 0.060986960401441734 0.04704627148006723 0.037916062517625602 0.031220329016518941 0.024364093442800057 0.0212893795351023 0.018468145666367942 0.015739707011538925 0.011898484575430126 0.0098570114212037339 0.0080662906571155671 0.0068570281041051917 0.0056709613296197113 0.0046015021186511509 0.0037850332620570069 0.0033448184339344073 0.002671481554379978 0.0020948584827087517 0.001762217185536065 0.0014840145839428226 0.0012177022438811841 0.0010561041789804776 0.00085252701366222853 0.00071758856071635867 0.00055983646528714559 0.00040753400378633163 0.00042028391334998546 0.00034571412164832987 0.00026867297839737095 0.00024821859720141704 0.00019362571002177426 0.00014158439854855071 0.00010735324388856425 9.5316798392883401e-05 7.4191712998162567e-05 7.8871636841743739e-05 5.5811317298752537e-05 4.3442511023930591e-05 4.5132564138293426e-05 3.0739807983652442e-05 2.6391689065239541e-05 1.4281785456220487e-05 2.6270484850729977e-05 2.2242220440468523e-05 8.0290220954314743e-06 7.9608258623097067e-06 7.917808002511689e-06 1.161149291880522e-05 5.7501587500239881e-06 9.3488545429463967e-06 1.8282146273191545e-06
94 0.2210369654781397 0.38244111110841239 0.25355794664073328 0.19521890488263871 0.15099805685141349 0.12123049862590524 0.10162585319560262 0.081305161369254947 0.07039701003519204 0.056583866594870934 0.048915893440511962 0.036638336740870775 0.029787651729533314 0.02480863728560968 0.021686002742653136 0.017677788363968872 0.01448482013048466 0.012584512288027665 0.010532587111413912 0.0089176356591307918 0.006595015703075355 0.00551948435046492 0.0047687629362711207 0.0039136487091620611 0.0031008157108390094 0.002747678563706417 0.0021848548028386436 0.0017889261795408892 0.0014310778195286309 0.0012598557376969136 0.0010579695815662758 0.0008897885602433944 0.00062339747730264655 0.00056411586275968077 0.00046238345095938325 0.00043649581116201008 0.00032665630889083027 0.00028115305073809962 0.00021287166749945545 0.0001654790648009447 0.00014365778485486477 0.00013742015153241687 9.4966331132191449e-05 8.2884172515550783e-05 5.7704665665237546e-05 5.1889234764305093e-05 5.7878403124632265e-05 4.5511202025070147e-05 3.4875163197772191e-05 2.6641166919165452e-05 2.6391689065239541e-05 2.0402550651743552e-05 1.4145645688854603e-05 1.4154140280298152e-05 4.0145110477157371e-06 1.9902064655774267e-06 7.917808002511689e-06 9.6762440990043493e-06 3.8334391666826581e-06 1.8697709085892791e-06 3.6564292546383091e-06 1.7723103298218086e-06 1.7399594709548276e-06 1.6860195145593349e-06 4.9199260660685008e-06 1.5697017427331766e-06 1.4833994425947541e-06
95 0.20852497179152812 0.37732081111356447 0.24729578176103037 0.1820594885095774 0.13864183345323697 0.12942690587264011 0.10448394326016455 0.084867580883468463 0.065017645329485632 0.058510469767241127 0.048288392325561154 0.036493923370252826 0.032005903359841138 0.026764279424206307 0.023509536346667283 0.017505568479009158 0.01566833162213524 0.012991073054528429 0.0099914499577856541 0.0087569204081928351 0.0070517522961091985 0.0057822134557384552 0.004689868604536144 0.0043534652631424045 0.0034629861305312789 0.0027805436655880321 0.00217976931649658 0.0018604369684777542 0.0014129924171736011 0.0013592923625619844 0.0010024881734886479 0.00084637566525302054 0.00067357825588518628 0.0005779844160421889 0.00048530555840354888 0.0004229875515502878 0.00034754168850814073 0.00023510931786410082 0.00021242674944656415 0.00019840466097036623 0.00019030092452108641 9.1607862806000723e-05 0.00011243466943561381 9.7030816591586923e-05 9.3244694079994627e-05 4.9461141998775043e-05 5.1889234764305093e-05 2.8939201562316132e-05 2.4824292013674622e-05 2.8720722633459456e-05 1.6394564257947969e-05 1.2180779568572095e-05 1.6322040521394841e-05 1.2124839161875373e-05 1.8198180360383337e-05 1.0036277619289343e-05 1.9902064655774267e-06 5.9383560018837668e-06 3.8704976396017399e-06 1.9167195833413291e-06 1.8697709085892791e-06 3.6564292546383091e-06 1.7723103298218086e-06 1.7399594709548276e-06
96 0.19589869670208951 0.41105784669249512 0.23564293235995509 0.18557269104416635 0.15171624042464785 0.12435752333987314 0.10513097792812696 0.085188999034419885 0.073644150802864836 0.054821395450930857 0.046828869848737652 0.036762049130309671 0.030107486780458579 0.027313308506330593 0.021312296578534652 0.01785216128998264 0.014860137421546954 0.011893811525988273 0.010456229531693615 0.0085589190200995088 0.0071026668128843107 0.0058164088281776605 0.0050517202967394689 0.0038433219250169847 0.0031934959002656452 0.0025320121194124245 0.0022661673504879771 0.0017914196106839709 0.0016518826463886107 0.0011563204001090387 0.00097026149900080328 0.000880031026002457 0.00067419630197850899 0.00061536778932720735 0.00053876404495361175 0.00039612547715845234 0.0003649304366316208 0.00025031276374693471 0.0001851745954858847 0.00016452660006155458 0.00019840466097036623 0.00010549290381060225 0.00010201784721577354 9.577768137107843e-05 6.8128020160050382e-05 6.6307338012440615e-05 3.9156737415696901e-05 3.3209110249155257e-05 3.5140459039955304e-05 2.8961674015953726e-05 2.4617762257250963e-05 1.8443884790191467e-05 8.1205197123813969e-06 8.1610202606974203e-06 1.0104032634896145e-05 2.0220200400425928e-06 4.0145110477157371e-06 3.9804129311548533e-06 1.9794520006279223e-06 7.7409952792034798e-06 1.9167195833413291e-06
97 0.21442861402507879 0.38354112649336297 0.24148150468961449 0.17721906483269351 0.15773678738754141 0.1279996787030937 0.10055033981760013 0.08310569745506366 0.07281111028582897 0.062113229487176194 0.053762044814197892 0.03914360674445904 0.030212990496644051 0.026387913821567428 0.021477645675682867 0.018883686038190003 0.016343527941533403 0.01263928171898609 0.010101593350839355 0.0081250787919437389 0.0062922561440138325 0.0060099488416713396 0.0042336250098903763 0.0038685271518819554 0.0031830155149920399 0.0026421524376637291 0.0020279816038385225 0.0018585483838049149 0.0013863666917181313 0.0012877401792488368 0.0010733557077245335 0.00084058454448040945 0.00064341891052066438 0.00060573944670069119 0.00050102580144546272 0.00035711179991178093 0.00032768494969128516 0.00027369782747371562 0.0001779082453077387 0.00014772355370222263 0.00013328737220176575 0.00014053663485400939 0.00011790383367067309 7.7033884632318793e-05 7.7038569798476119e-05 6.1934563781864001e-05 4.5586294883552926e-05 3.2974094665850028e-05 2.2831263296294244e-05 3.5140459039955304e-05 1.4480837007976863e-05 2.6669242445355206e-05 2.0493205322434963e-05 1.2180779568572095e-05 8.1610202606974203e-06 1.0104032634896145e-05 8.0880801601703711e-06 2.0072555238578686e-06 3.9804129311548533e-06
98 0.22722211685962521 0.40182841115624013 0.2461868678861508 0.18036211640589073 0.17235040920542169 0.13514532934738199 0.10288802511556577 0.085985945192209576 0.073114848580684413 0.058430916004377741 0.046277430880297114 0.037606947604020197 0.033405276959931014 0.025672309843969222 0.020984005937895372 0.017627311436904988 0.014472536281237482 0.011272843631467912 0.010255127803001633 0.0087710071298954632 0.0070387172821573894 0.0055850573266751028 0.0044012251618300215 0.0038218438539131968 0.0034672703462346249 0.002802069509208418 0.0023199387257535182 0.0017730014606658431 0.001509160698076576 0.0012569167897805949 0.0009699431170177615 0.00086335133012625527 0.00068080401123206717 0.00053964166688829913 0.00051653808982353466 0.00039292064926635872 0.00035091910973990037 0.00029450166364659809 0.0002094203073851915 0.00016756474267356784 0.00016020723429677663 0.00011870906586719762 0.00013846991963556809 8.8944997330507765e-05 5.8295912694727728e-05 7.4956446290409202e-05 5.7805592863073053e-05 3.3153669006220308e-05 4.1217618332312532e-05 1.4528985734005426e-05 3.5140459039955304e-05 1.6549528009116417e-05 2.2566282069146713e-05 1.2295923193460978e-05 1.0150649640476748e-05 1.0201275325871776e-05 2.0208065269792293e-06 1.6176160320340742e-05 2.0072555238578686e-06 1.9902064655774267e-06 3.9589040012558445e-06 3.8704976396017399e-06 5.7501587500239881e-06 1.8697709085892791e-06 1.8282146273191545e-06
99 0.219739066328515 0.40943888690164348 0.24776415486091036 0.17638388400379704 0.16538187417948783 0.12609818074633961 0.097223953351400189 0.080217782293491968 0.065259691302230721 0.053133150831925942 0.05042169387293656 0.039666369325968953 0.032972288568313489 0.02817929804902156 0.020345742155254518 0.016632807382211384 0.013596492780684392 0.012985631868781579 0.0098899297287227787 0.0077403353162783031 0.0071960275214312617 0.0064502714643564496 0.0049685250243797991 0.0038396895377344671 0.0032556447644445752 0.0029322612720381843 0.002158694032773857 0.0018616792243701073 0.0013045495697206872 0.0012277095067954138 0.0010397750187885984 0.0008938042375248997 0.00067668077226111902 0.00060438723446112083 0.00048152641045417458 0.00042318783262651027 0.00026818393521354643 0.00027247836756274618 0.00024680068995736032 0.00016380400280623889 0.00011791593002954774 0.00010195005818885786 0.00010204814434197688 8.6802039174535225e-05 5.9986160990342447e-05 7.0787893986455107e-05 4.1642470161338449e-05 4.335419464730479e-05 3.9369981944886617e-05 3.2974094665850028e-05 2.6982402077438649e-05 2.0670858258797236e-05 8.2747640045582085e-06 8.2059207524169871e-06 8.1972821289739844e-06 8.1205197123813969e-06 8.1610202606974203e-06 2.0208065269792293e-06 4.0440400800851855e-06 4.0145110477157371e-06 1.9902064655774267e-06 1.9794520006279223e-06
100 0.26290034364531273 0.41750422602417853 0.26454362397666509 0.17028154643168025 0.159871350182165 0.15160005133119717 0.094451919169072918 0.079473522034132105 0.070800912198168989 0.057977493989535452 0.047002402659011414 0.044414777274355673 0.028289193627822819 0.025424415281591124 0.023363199837006968 0.018948609646739188 0.014667749969966998 0.012152617441142688 0.0094666247593026016 0.0081298574888653344 0.0066952267503673085 0.0063270732546923921 0.0046623014794997496 0.0039167934498760461 0.0032022707211935672 0.0028567317695916824 0.0022634999292926337 0.0017946789605806182 0.0014463815512413909 0.0011622350712057032 0.00098507916948406722 0.00084768806752644785 0.00066869798511122122 0.00054186314713629833 0.00044923802101707835 0.00039850461554828242 0.00030286972335034559 0.0002224471400608486 0.00020435877567205962 0.00019909971626812264 0.00014928972407657215 0.00013653423477105528 8.9466377594303847e-05 0.00010413075953262948 6.2001456553239433e-05 5.171220775029522e-05 5.6213915812773177e-05 5.4135211209739981e-05 3.5096252809722928e-05 2.4865251754665234e-05 2.2669690082771894e-05 2.0755693905722037e-05 1.0335429129398618e-05 6.2060730034186555e-06 2.0514801881042468e-06 6.1479615967304891e-06 4.0602598561906984e-06 1.0201275325871776e-05 2.0208065269792293e-06 4.0440400800851855e-06
101 3.321177432321897 1.7884377118728756 1.3733691645532187 1.0976913857952908 0.90096056313058326 0.75056971916509385 0.59920968905611538 0.48686556272717996 0.40341889357427463 0.3487729664934433 0.28008451202674128 0.22706474714498265 0.1820277757145724 0.15374561754251531 0.13241882959162043 0.10247017472371477 0.087320781782208229 0.070180621865870818 0.060161472480904386 0.04956348041519687 0.041906481901367705 0.032659642684718576 0.027154820835589667 0.022632531453882283 0.0181333030086854 0.015176638489069038 0.012868161124286858 0.010288636042239242 0.0084654667951915962 0.0071603047091157966 0.0059297707714576695 0.0048526067462269324 0.0041758032883076239 0.0033103860649070357 0.0025926466370157814 0.0023156599021498885 0.0019115768277081673 0.0014956785653123231 0.0012993407713834612 0.0010486288691051141 0.00082750819573938468 0.00071119965775367003 0.00057509874645989955 0.0004868635431876069 0.00041652303813051792 0.00030174042189243195 0.00024615010889140527 0.00023942964142477458 0.00016032351012115303 0.00013832052577949624 0.00013054257171199248 9.0678760331087575e-05 6.4342651107738324e-05 7.2348003905790329e-05 6.4129421035326106e-05 5.1287004702606169e-05 4.7134372241600418e-05 2.6391689065239541e-05 2.0402550651743552e-05 2.6270484850729977e-05 1.8198180360383337e-05 1.4050788667005081e-05 7.9608258623097067e-06 1.9794520006279221e-05 1.161149291880522e-05 1.9167195833413291e-06 5.6093127257678372e-06 5.4846438819574634e-06 3.5446206596436171e-06 3.4799189419096553e-06 5.058058543678005e-06 4.9199260660685008e-06
