0 20 0
1 17.607179659450953 0
2 15.500638778009169 0
3 13.646126590032985 0
4 12.013490126316078 0
5 10.576183949554366 0
6 9.310838545560264 3.5561009799786827e-10
7 8.1968803525910285 2.7492266136331324e-09
8 7.2161972507546954 1.0026466001486134e-08
9 6.3528440726036983 2.7685888494299256e-08
10 5.5927833467405694 4.7760720165279723e-08
11 4.9236570591223288 8.8906657068558466e-08
12 4.3345857210745384 1.3598936805822361e-07
13 3.8159914770125076 2.0859329645523326e-07
14 3.3594423757346412 2.44623667293577e-07
15 2.9575152732566279 4.3551151737453479e-07
16 2.6036751380899812 7.5516457100684498e-07
17 2.2921687965598037 1.0947310906225004e-06
18 2.0179313905407974 1.1159558227737153e-06
19 1.7765040266848753 9.9788560059881298e-07
20 1.5639612781789325 1.197857652416785e-06
21 1.3768473602660507 1.3101782270324514e-06
22 1.2121199417922572 1.0358716425770189e-06
23 1.0671006791969753 1.2336249975896549e-06
24 0.93943166866716399 7.7887000930522527e-07
25 0.82703710840002786 1.240358352107222e-06
26 0.72808954763160516 1.3980278888928631e-06
27 0.64098017366590221 1.5394517472168625e-06
28 0.56429265379408067 1.4044346824388282e-06
29 0.4967801067930368 1.3085243693293502e-06
30 0.43734482957731152 7.4895361626778759e-07
31 0.38502044937498414 6.8192967839805759e-07
32 0.33895621123539432 1.3096389790142185e-06
33 0.29840314539541979 1.3728463966260672e-06
34 0.26270188959612101 1.3294419917599684e-06
35 0.23127196834980759 1.2733423925579692e-06
36 0.20360235484649586 1.1179979187932241e-06
37 0.17924316204347684 9.9050102826301538e-07
38 0.15779832784137884 1.315480580878045e-06
39 0.13891917541320492 1.4952190089492531e-06
40 0.12229874398215403 1.7412774953603555e-06
41 0.1076667978709491 1.6482344364603503e-06
42 0.094785432673579612 1.5447949112368911e-06
43 0.083445207109125438 1.0832587555071259e-06
44 0.073461737664523269 1.2772081788709399e-06
45 0.06467270065773581 1.5699403612240643e-06
46 0.056935192977132315 1.4585655291320106e-06
47 0.05012340858469394 1.2197690548136278e-06
48 0.044126593004738625 1.5966869808667579e-06
49 0.03884724253969523 1.452072685002605e-06
50 0.034199518933533984 1.107416360842913e-06
51 0.030107853706476367 1.3308728941538967e-06
52 0.026505719468519786 1.2375314738658027e-06
53 0.023334548234261735 1.5653169960121345e-06
54 0.020542779151638518 1.5289866245106011e-06
55 0.018085020161366143 1.4586215698778778e-06
56 0.015921309956298316 1.4666622580621749e-06
57 0.014016468240717483 1.4793266966148288e-06
58 0.012339523725265058 1.4873337560327598e-06
59 0.010863210557139969 1.4827875402000479e-06
60 0.0095635249979003859 1.4684529252756516e-06
61 0.0084193351407841205 1.3991585018569909e-06
62 0.00741203732184574 1.3415289984873611e-06
63 0.0065252536384146813 1.4029529766278094e-06
64 0.0057445656567526654 1.3348139351824731e-06
65 0.0050572799791978014 1.4335288798170727e-06
66 0.0044522218590940035 1.4205131098186042e-06
67 0.0039195535078401424 1.3660979552250878e-06
68 0.0034506141398686296 1.271101002026866e-06
69 0.0030377791548054389 9.6673635821718344e-07
70 0.0026743361672197214 5.7094370278852757e-07
71 0.0023543758683002552 9.6273328021617205e-07
72 0.0020726959449519217 1.2239330872845538e-06
73 0.0018247164941091974 1.3619146431528184e-06
74 0.0016064055569672058 1.400735053251367e-06
75 0.0014142135623730983 1.4077421984740685e-06
76 0.0012450156134767643 1.4198790995499536e-06
77 0.0010960606792653467 1.3999081068224422e-06
78 0.00096492686487424043 1.3949259552146119e-06
79 0.00084948203340357519 1.4163441712812083e-06
80 0.00074784913898062321 1.4157150482992625e-06
81 0.00065837570740987688 1.4138149699693717e-06
82 0.0005796069681891908 1.4115449909270431e-06
83 0.00051026220103883785 1.4082232376150641e-06
84 0.00044921391235588497 1.4024009226367056e-06
85 0.00039546950301874603 1.3888531485338616e-06
86 0.00034815512947424215 1.2984438627767629e-06
87 0.00030650149570061948 1.1071226200180851e-06
88 0.00026983134503456206 1.2685997614303636e-06
89 0.00023754844848874166 1.3625928284459795e-06
90 0.00020912791051825523 1.3814896634202265e-06
91 0.00018410763461502511 1.3861793741565832e-06
92 0.00016208080996716492 1.3874513937533787e-06
93 0.00014268929702206007 1.3878747886505119e-06
94 0.00012561780440740856 1.3867685893497476e-06
95 0.00011058876253135062 1.3859913550192101e-06
96 9.7357810510292423e-05 1.3852574648326234e-06
97 8.5709823045275043e-05 1.3840308729050426e-06
98 7.5455412646895361e-05 1.3826784816602422e-06
99 6.642785033759471e-05 1.3815746063635271e-06
100 5.8480354764257483e-05 1.3802256403325661e-06
101 5.1483705644135498e-05 1.3788163273952011e-06
102 4.5324142740529142e-05 1.3773910619208614e-06
103 3.9901516207154817e-05 1.3754763415341511e-06
104 3.5127658227193445e-05 1.3744734554704515e-06
105 3.0924949471099268e-05 1.3724542756589415e-06
106 2.7225057064854376e-05 1.3702936732763018e-06
107 2.3967823548984771e-05 1.368701705706398e-06
108 2.1100288763649712e-05 1.3661529190201968e-06
109 1.8575828756393736e-05 1.3642777462896092e-06
110 1.6353397711850995e-05 1.3614161663831594e-06
111 1.4396860577750731e-05 1.3593844260728138e-06
112 1.2674405536226198e-05 1.3557218961584845e-06
113 1.1158026767653724e-05 1.3534160091193171e-06
114 9.823069097152095e-06 1.3503645701286351e-06
115 8.6478271200378799e-06 1.3475578969113505e-06
116 7.613192288318964e-06 1.3440351913890512e-06
117 6.7023422201189264e-06 1.340267565581214e-06
118 5.9004671804378657e-06 1.3350545580693437e-06
119 5.1945292860331754e-06 1.3331427244523804e-06
120 4.5730505192732809e-06 1.3291157560218605e-06
121 4.0259261042295066e-06 1.32275160851342e-06
122 3.5442602106421196e-06 1.3190516986056433e-06
123 3.1202213144309638e-06 1.3123429904725159e-06
124 2.7469148630217092e-06 1.3068098088000331e-06
125 2.4182711751219672e-06 1.3000463131767216e-06
126 2.1289467522822028e-06 1.293917018095869e-06
127 1.8742373976418685e-06 1.2878951545753865e-06
128 1.6500017292371096e-06 1.2820810317896444e-06
129 1.4525938442541268e-06 1.2738842422077266e-06
130 1.2788040393997463e-06 1.2654044760184155e-06
131 1.1258066235471463e-06 1.2570967451639665e-06
132 9.9111397412972352e-07 1.2492582840830437e-06
133 8.7253609027472334e-07 1.2371263784022483e-06
134 7.6814498504109849e-07 1.2305457179144251e-06
135 6.7624333780624435e-07 1.2160845613223241e-06
136 5.9533689711306625e-07 1.2049457020173206e-06
137 5.2411018526849122e-07 1.1923668227605252e-06
138 4.6140510966852244e-07 1.1795694629369098e-06
139 4.0620213308611724e-07 1.1665263883056145e-06
140 3.576036967649736e-07 1.1556335877640739e-06
141 3.1481962679123547e-07 1.1352201771618015e-06
142 2.7715428646172909e-07 1.119557488644073e-06
143 2.4399526575592994e-07 1.1062492910537589e-06
144 2.1480342401100698e-07 1.0833618203629181e-06
145 1.8910412390135102e-07 1.0729850459267966e-06
146 1.6647951419370802e-07 1.0498313008531321e-06
147 1.4656173580133661e-07 1.0306114873592908e-06
148 1.2902694067275592e-07 1.010941065829281e-06
149 1.1359002626672665e-07 9.8485201982913281e-07
150 1.0000000000000045e-07 9.6051972672753538e-07
151 2.220446049250323e-23 7.9263719380111377e-07
