0 20 0
1 17.607179659450953 0
2 15.500638778009169 0
3 13.646126590032985 0
4 12.013490126316078 0
5 10.576183949554366 0
6 9.310838545560264 1.6019925158876171e-10
7 8.1968803525910285 1.1823083640525389e-09
8 7.2161972507546954 4.2842063889186825e-09
9 6.3528440726036983 1.0757085672048357e-08
10 5.5927833467405694 2.1679889852003506e-08
11 4.9236570591223288 4.1057604811118197e-08
12 4.3345857210745384 7.4562103294593128e-08
13 3.8159914770125076 1.2811975589287797e-07
14 3.3594423757346412 2.0431439893324478e-07
15 2.9575152732566279 2.9944706815320047e-07
16 2.6036751380899812 4.1712729217760566e-07
17 2.2921687965598037 5.4321126215672495e-07
18 2.0179313905407974 6.7939984053371404e-07
19 1.7765040266848753 8.2864512675986669e-07
20 1.5639612781789325 9.704407248295201e-07
21 1.3768473602660507 1.0657975931647713e-06
22 1.2121199417922572 1.1320643694883763e-06
23 1.0671006791969753 1.1609936574067505e-06
24 0.93943166866716399 1.1330565116763595e-06
25 0.82703710840002786 1.1581731255570252e-06
26 0.72808954763160516 1.1554004946521231e-06
27 0.64098017366590221 1.1516013107432454e-06
28 0.56429265379408067 1.1371241635313056e-06
29 0.4967801067930368 1.0818949281115568e-06
30 0.43734482957731152 1.0127997292852706e-06
31 0.38502044937498414 1.1303955081972435e-06
32 0.33895621123539432 1.0307691828320881e-06
33 0.29840314539541979 9.5951377150777017e-07
34 0.26270188959612101 9.8698896498728278e-07
35 0.23127196834980759 9.2703076922320705e-07
36 0.20360235484649586 9.6980056500052246e-07
37 0.17924316204347684 9.5899174736887573e-07
38 0.15779832784137884 8.6505837723079581e-07
39 0.13891917541320492 8.5805539092451894e-07
40 0.12229874398215403 7.9195483218945326e-07
41 0.1076667978709491 8.4021395329546851e-07
42 0.094785432673579612 8.3461108358927255e-07
43 0.083445207109125438 7.5900208829173891e-07
44 0.073461737664523269 5.7607298717038749e-07
45 0.06467270065773581 6.8774056428931043e-07
46 0.056935192977132315 7.4699533521495232e-07
47 0.05012340858469394 6.0734905572293654e-07
48 0.044126593004738625 8.5765151729330353e-07
49 0.03884724253969523 6.6715435210899276e-07
50 0.034199518933533984 6.7908793035187965e-07
51 0.030107853706476367 6.9283716323181988e-07
52 0.026505719468519786 5.4238063152234481e-07
53 0.023334548234261735 4.3542467723295824e-07
54 0.020542779151638518 4.0184347458442876e-07
55 0.018085020161366143 5.547514027982399e-07
56 0.015921309956298316 4.3303107428531626e-07
57 0.014016468240717483 6.6650561677562895e-07
58 0.012339523725265058 3.70970610808885e-07
59 0.010863210557139969 4.9696922716929101e-07
60 0.0095635249979003859 2.7928727054668174e-07
61 0.0084193351407841205 3.3270061847730404e-07
62 0.00741203732184574 1.3288357161720701e-07
63 0.0065252536384146813 1.4633692965718686e-06
64 0.0057445656567526654 5.4141525426880451e-07
65 0.0050572799791978014 2.0245639704629645e-07
66 0.0044522218590940035 3.2357977464895283e-07
67 0.0039195535078401424 5.0264152915657419e-07
68 0.0034506141398686296 6.4135022321161866e-07
69 0.0030377791548054389 8.0739201953475895e-07
70 0.0026743361672197214 5.4527239140198744e-07
71 0.0023543758683002552 1.8951309202331739e-07
72 0.0020726959449519217 1.5618241735284515e-07
73 0.0018247164941091974 6.0329461330993492e-08
74 0.0016064055569672058 8.4642514006965363e-07
75 0.0014142135623730983 8.1424634037197869e-07
76 0.0012450156134767643 7.5256259313376931e-07
77 0.0010960606792653467 6.9851032807808124e-07
78 0.00096492686487424043 6.4665548385035254e-07
79 0.00084948203340357519 6.1695399582758567e-07
80 0.00074784913898062321 5.6597485786350871e-07
81 0.00065837570740987688 5.1660653984926579e-07
82 0.0005796069681891908 1.494478129334061e-07
83 0.00051026220103883785 1.2424347729713335e-07
84 0.00044921391235588497 3.1768374479094311e-07
85 0.00039546950301874603 2.985673060805473e-07
86 0.00034815512947424215 2.857713588552453e-07
87 0.00030650149570061948 2.7525847277969828e-07
88 0.00026983134503456206 2.6646657960170082e-07
89 0.00023754844848874166 2.5626860524309748e-07
90 0.00020912791051825523 2.0896343193946882e-07
91 0.00018410763461502511 2.0791606136210029e-07
92 0.00016208080996716492 2.0511958473740928e-07
93 0.00014268929702206007 2.0256242844626029e-07
94 0.00012561780440740856 2.0016711855340789e-07
95 0.00011058876253135062 1.9790923568987642e-07
96 9.7357810510292423e-05 1.9572508554196543e-07
97 8.5709823045275043e-05 1.9357502475985864e-07
98 7.5455412646895361e-05 1.9146508437654618e-07
99 6.642785033759471e-05 1.893876736917985e-07
100 5.8480354764257483e-05 1.8724245314538077e-07
101 5.1483705644135498e-05 1.8512155534634675e-07
102 4.5324142740529142e-05 1.8293122048408927e-07
103 3.9901516207154817e-05 1.8067372394885011e-07
104 3.5127658227193445e-05 1.7834812305228811e-07
105 3.0924949471099268e-05 1.759572217172284e-07
106 2.7225057064854376e-05 1.7341299125012357e-07
107 2.3967823548984771e-05 1.7085291713329751e-07
108 2.1100288763649712e-05 1.681072248840044e-07
109 1.8575828756393736e-05 1.6526886064075852e-07
110 1.6353397711850995e-05 1.6224344099677224e-07
111 1.4396860577750731e-05 1.5913865533066541e-07
112 1.2674405536226198e-05 1.5594769408571951e-07
113 1.1158026767653724e-05 1.5249901220457639e-07
114 9.823069097152095e-06 1.4906540271889941e-07
115 8.6478271200378799e-06 1.4533152984797591e-07
116 7.613192288318964e-06 1.4152187866861257e-07
117 6.7023422201189264e-06 1.3757646932003898e-07
118 5.9004671804378657e-06 1.334954475060124e-07
119 5.1945292860331754e-06 1.2924065371556967e-07
120 4.5730505192732809e-06 1.2490483550479726e-07
121 4.0259261042295066e-06 1.2051266437368625e-07
122 3.5442602106421196e-06 1.1582922198666288e-07
123 3.1202213144309638e-06 1.1106573635339884e-07
124 2.7469148630217092e-06 1.0638279518251043e-07
125 2.4182711751219672e-06 1.0139089779792521e-07
126 2.1289467522822028e-06 9.6454276789034107e-08
127 1.8742373976418685e-06 9.1400134978169471e-08
128 1.6500017292371096e-06 8.6474478146006918e-08
129 1.4525938442541268e-06 8.1311302077192286e-08
130 1.2788040393997463e-06 7.6193734763600429e-08
131 1.1258066235471463e-06 7.1180773854122366e-08
132 9.9111397412972352e-07 6.6225642337736493e-08
133 8.7253609027472334e-07 6.1264471422616461e-08
134 7.6814498504109849e-07 5.6448052663413403e-08
135 6.7624333780624435e-07 5.166221987552334e-08
136 5.9533689711306625e-07 4.7124659707746063e-08
137 5.2411018526849122e-07 4.2578927217690591e-08
138 4.6140510966852244e-07 3.8395287058088642e-08
139 4.0620213308611724e-07 3.438065212650992e-08
140 3.576036967649736e-07 3.0467658261646435e-08
141 3.1481962679123547e-07 2.6865977844321059e-08
142 2.7715428646172909e-07 2.3525696359631029e-08
143 2.4399526575592994e-07 2.0359983850522891e-08
144 2.1480342401100698e-07 1.7587965488718622e-08
145 1.8910412390135102e-07 1.4955525874046164e-08
146 1.6647951419370802e-07 1.2588535356625106e-08
147 1.4656173580133661e-07 1.0550492891861881e-08
148 1.2902694067275592e-07 8.7304191889243253e-09
149 1.1359002626672665e-07 7.0901838732192766e-09
150 1.0000000000000045e-07 5.7265745512841729e-09
151 2.220446049250323e-23 3.3164998751511485e-09
