0 20 0
1 17.607179659450953 0
2 15.500638778009169 0
3 13.646126590032985 0
4 12.013490126316078 0
5 10.576183949554366 0
6 9.310838545560264 3.5610074056700804e-10
7 8.1968803525910285 2.6024290997056513e-09
8 7.2161972507546954 7.6477186387470835e-09
9 6.3528440726036983 2.322563319723605e-08
10 5.5927833467405694 3.9594137884566987e-08
11 4.9236570591223288 6.9895369086992964e-08
12 4.3345857210745384 1.0881744781576255e-07
13 3.8159914770125076 1.5683861242127024e-07
14 3.3594423757346412 2.1324812792333332e-07
15 2.9575152732566279 3.2287075327740304e-07
16 2.6036751380899812 3.9584075562449877e-07
17 2.2921687965598037 5.1168767872202252e-07
18 2.0179313905407974 5.8478963875557731e-07
19 1.7765040266848753 6.6771842812391522e-07
20 1.5639612781789325 7.1137813891180172e-07
21 1.3768473602660507 7.4763659787298332e-07
22 1.2121199417922572 7.5898361043077174e-07
23 1.0671006791969753 7.5925190885560154e-07
24 0.93943166866716399 7.6018357551522014e-07
25 0.82703710840002786 7.5611146496399054e-07
26 0.72808954763160516 7.3636597830765549e-07
27 0.64098017366590221 7.1754166939487519e-07
28 0.56429265379408067 6.9975858006508289e-07
29 0.4967801067930368 6.7093117290504497e-07
30 0.43734482957731152 6.4586382998339139e-07
31 0.38502044937498414 6.2487520524033045e-07
32 0.33895621123539432 5.9786347770798613e-07
33 0.29840314539541979 5.7217115185177036e-07
34 0.26270188959612101 5.4452952776717351e-07
35 0.23127196834980759 5.1762839790457371e-07
36 0.20360235484649586 4.9611464273496685e-07
37 0.17924316204347684 4.754540999917826e-07
38 0.15779832784137884 4.5402086685077827e-07
39 0.13891917541320492 4.3394331596022528e-07
40 0.12229874398215403 4.1602898828946417e-07
41 0.1076667978709491 3.9996561714150435e-07
42 0.094785432673579612 3.8615769509948684e-07
43 0.083445207109125438 3.6988161894944126e-07
44 0.073461737664523269 3.5567821878739692e-07
45 0.06467270065773581 3.4404974482596849e-07
46 0.056935192977132315 3.3442430751124755e-07
47 0.05012340858469394 3.2637845935590271e-07
48 0.044126593004738625 3.1959026011413622e-07
49 0.03884724253969523 3.1374899231789216e-07
50 0.034199518933533984 3.0640653874629044e-07
51 0.030107853706476367 2.9927882466154479e-07
52 0.026505719468519786 2.9325307274785575e-07
53 0.023334548234261735 2.8814989226113526e-07
54 0.020542779151638518 2.838011905287121e-07
55 0.018085020161366143 2.8005320576862126e-07
56 0.015921309956298316 2.7683087457450626e-07
57 0.014016468240717483 2.740477078622259e-07
58 0.012339523725265058 2.7162768686307223e-07
59 0.010863210557139969 2.695504238441619e-07
60 0.0095635249979003859 2.6774386998330815e-07
61 0.0084193351407841205 2.6617689550313173e-07
62 0.00741203732184574 2.6481475734471271e-07
63 0.0065252536384146813 2.636014199809341e-07
64 0.0057445656567526654 2.6259429339923255e-07
65 0.0050572799791978014 2.6168081534637977e-07
66 0.0044522218590940035 2.6082143251354018e-07
67 0.0039195535078401424 2.6011838422295987e-07
68 0.0034506141398686296 2.5951558840036941e-07
69 0.0030377791548054389 2.5896955066282938e-07
70 0.0026743361672197214 2.5849598735889394e-07
71 0.0023543758683002552 2.5806850322647306e-07
72 0.0020726959449519217 2.5768931176865261e-07
73 0.0018247164941091974 2.5741647811328565e-07
74 0.0016064055569672058 2.5712178504006405e-07
75 0.0014142135623730983 2.5684778074110806e-07
76 0.0012450156134767643 2.5660433233599521e-07
77 0.0010960606792653467 2.5638661522252078e-07
78 0.00096492686487424043 2.5622577510175427e-07
79 0.00084948203340357519 2.5599003974547617e-07
80 0.00074784913898062321 2.5594367772726656e-07
81 0.00065837570740987688 2.5577294153476096e-07
82 0.0005796069681891908 2.5561771259500027e-07
83 0.00051026220103883785 2.5550353240161229e-07
84 0.00044921391235588497 2.5544248263988852e-07
85 0.00039546950301874603 2.5545458165454563e-07
86 0.00034815512947424215 2.5517727308965923e-07
87 0.00030650149570061948 2.5507336789403714e-07
88 0.00026983134503456206 2.5510986960909924e-07
89 0.00023754844848874166 2.5487244368868334e-07
90 0.00020912791051825523 2.5483749471773166e-07
91 0.00018410763461502511 2.5485947097749024e-07
92 0.00016208080996716492 2.5471034343527701e-07
93 0.00014268929702206007 2.5461034421341906e-07
94 0.00012561780440740856 2.5470231458569316e-07
95 0.00011058876253135062 2.5433275156442724e-07
96 9.7357810510292423e-05 2.5444376979001133e-07
97 8.5709823045275043e-05 2.5444549689156271e-07
98 7.5455412646895361e-05 2.5428705111708381e-07
99 6.642785033759471e-05 2.5417176214793827e-07
100 5.8480354764257483e-05 2.540493090598801e-07
101 5.1483705644135498e-05 2.5422105878235688e-07
102 4.5324142740529142e-05 2.5358338092151171e-07
103 3.9901516207154817e-05 2.5385273245947988e-07
104 3.5127658227193445e-05 2.5356739581082392e-07
105 3.0924949471099268e-05 2.5354642800835281e-07
106 2.7225057064854376e-05 2.5347428556941158e-07
107 2.3967823548984771e-05 2.5288439668951598e-07
108 2.1100288763649712e-05 2.5313565632248812e-07
109 1.8575828756393736e-05 2.5369080096650094e-07
110 1.6353397711850995e-05 2.5306543423561014e-07
111 1.4396860577750731e-05 2.5223873399288715e-07
112 1.2674405536226198e-05 2.5258490432758618e-07
113 1.1158026767653724e-05 2.5255664062307751e-07
114 9.823069097152095e-06 2.5229855796328309e-07
115 8.6478271200378799e-06 2.5211392467985516e-07
116 7.613192288318964e-06 2.5160571228243961e-07
117 6.7023422201189264e-06 2.510348616361732e-07
118 5.9004671804378657e-06 2.5053704664727118e-07
119 5.1945292860331754e-06 2.5022434948603219e-07
120 4.5730505192732809e-06 2.5023265994790964e-07
121 4.0259261042295066e-06 2.4962618781597037e-07
122 3.5442602106421196e-06 2.4984506635239654e-07
123 3.1202213144309638e-06 2.4936079066825644e-07
124 2.7469148630217092e-06 2.482688523514209e-07
125 2.4182711751219672e-06 2.4767293548913612e-07
126 2.1289467522822028e-06 2.4775468554520417e-07
127 1.8742373976418685e-06 2.4819652416136629e-07
128 1.6500017292371096e-06 2.4659458526503899e-07
129 1.4525938442541268e-06 2.457316845394992e-07
130 1.2788040393997463e-06 2.4399036792930357e-07
131 1.1258066235471463e-06 2.4398407425731103e-07
132 9.9111397412972352e-07 2.4162897620939911e-07
133 8.7253609027472334e-07 2.4293613967812685e-07
134 7.6814498504109849e-07 2.4125265856569633e-07
135 6.7624333780624435e-07 2.395985006004235e-07
136 5.9533689711306625e-07 2.3811918400128481e-07
137 5.2411018526849122e-07 2.3810449647293912e-07
138 4.6140510966852244e-07 2.3513954458136468e-07
139 4.0620213308611724e-07 2.3444966876706472e-07
140 3.576036967649736e-07 2.3204657871830169e-07
141 3.1481962679123547e-07 2.3077713757115275e-07
142 2.7715428646172909e-07 2.2838498533842308e-07
143 2.4399526575592994e-07 2.2689726583658401e-07
144 2.1480342401100698e-07 2.2422261470165579e-07
145 1.8910412390135102e-07 2.2133098806195056e-07
146 1.6647951419370802e-07 2.16187465866386e-07
147 1.4656173580133661e-07 2.1791052645361989e-07
148 1.2902694067275592e-07 2.1253001923972811e-07
149 1.1359002626672665e-07 2.0808611002102275e-07
150 1.0000000000000045e-07 2.0661803688130316e-07
151 2.220446049250323e-23 1.2049226420087942e-07
