0 20 0 0
1 16.520367181169423 0.021399327674022021 0.021405971064472541
2 13.646126590032987 0.023116745160941921 0.023125577288904315
3 11.271951093403217 0.025147286943581225 0.02515634721418419
4 9.310838545560264 0.02745428450999822 0.027462159498246319
5 7.6909235768620512 0.029408302480621321 0.029415414311372748
6 6.3528440726036983 0.030143629979040791 0.030151625698037077
7 5.2475658362064417 0.030332057067977987 0.030342508902393685
8 4.3345857210745384 0.029641778937969553 0.02965575262740407
9 3.5804473845202698 0.02856738870714769 0.028585650032950154
10 2.9575152732566279 0.027509802924190255 0.027533524114128793
11 2.4429619129058056 0.026336315302564878 0.026370376163630953
12 2.017931390540797 0.025816021464579189 0.025862809429717394
13 1.6668483759070878 0.025074114944055335 0.025131148213170744
14 1.3768473602660503 0.02498667434196607 0.025061318658139691
15 1.1373011972009504 0.026303611065148228 0.026400501704550369
16 0.93943166866716366 0.029073928641069256 0.029186091692297859
17 0.77598780540001189 0.031093959025112711 0.031216973945886024
18 0.64098017366590199 0.030866402751888528 0.03099253928203867
19 0.52946139124052216 0.035800955122531029 0.035932904075568303
20 0.4373448295773113 0.038790757008286159 0.038928138194795722
21 0.36125485847015737 0.038505074469335689 0.038648283834563382
22 0.29840314539541962 0.042648515070775668 0.04280316329036718
23 0.24648647649741087 0.045093197437236457 0.04526142959320717
24 0.20360235484649572 0.045574918334991346 0.045757090308443521
25 0.16817928305074295 0.051611090856467028 0.051806962867863654
26 0.13891917541320484 0.049165850525861476 0.049375954099149112
27 0.11474978931657136 0.049602961571002746 0.049824841717420916
28 0.094785432673579556 0.053449164746625658 0.053671775750398019
29 0.078294507559677373 0.064648573937674106 0.064887786010227516
30 0.064672700657735768 0.069040213702164135 0.069401057714658251
31 0.053420838073182604 0.070450831029811367 0.070727519019080282
32 0.04412659300473859 0.049581370700458836 0.049952422915019008
33 0.036449375944615177 0.062933541849257493 0.06315161912960307
34 0.03010785370647634 0.066335652477735485 0.066733749962354039
35 0.024869639913396094 0.098174689663228384 0.098559908842627122
36 0.020542779151638497 0.07733608528038817 0.077685137299671719
37 0.016968712725337003 0.081298390476747667 0.081504557653455351
38 0.014016468240717467 0.049245706021097728 0.049444714342347179
39 0.011577860095992617 0.078142497935020108 0.078582173128896607
40 0.0095635249979003738 0.14473477578502453 0.14606808725458562
41 0.0078996472255803349 0.24229621370492702 0.24587636379667652
42 0.0065252536384146718 0.056955596225560103 0.057794519885277666
43 0.0053899793028436057 0.13883708227729574 0.14080616670850229
44 0.0044522218590939975 0.11368962712629213 0.11573948759117755
45 0.0036776169942130794 0.071823100105165238 0.07353795572618263
46 0.0030377791548054345 0.039937449348116633 0.040190048476598413
47 0.0025092613526344143 0.16850657778063868 0.17280527338591795
48 0.0020726959449519186 0.15870613804226982 0.16025884973422078
49 0.0017120849032763309 0.3642684504987061 0.36933722051577411
50 0.0014142135623730961 0.038240043959136119 0.038357041457646658
51 0.0011681663661496596 0.041698507505383273 0.042825659038689054
52 0.00096492686487423891 0.046097790548969342 0.048391168648672163
53 0.00079704730553485387 0.049975846352899068 0.050166012591481665
54 0.00065837570740987579 0.05526117333304828 0.055443269266110616
55 0.00054383042147866569 0.11296102545736199 0.14664735389912426
56 0.00044921391235588416 0.048566015634078689 0.049084879657663082
57 0.00037105893875044328 0.053874987341215909 0.054096669181093807
58 0.00030650149570061888 0.057004188638306072 0.057168396910349362
59 0.00025317586252759222 0.059609350341137936 0.059791230071903588
60 0.00020912791051825479 0.061770794855692188 0.074867940924570789
61 0.00017274349347961559 0.061595142821615483 0.06183168688667362
62 0.00014268929702205977 0.062424217076185277 0.062685584076427867
63 0.00011786397898136859 0.063108846073359467 0.063411394592327613
64 9.735781051029222e-05 0.063667791170160901 0.064014581103462559
65 8.0419338879237148e-05 0.064137510459372937 0.064540321805260786
66 6.6427850337594574e-05 0.064529518177010761 0.064988948009732567
67 5.4870623931641577e-05 0.064844139004581663 0.06537233938452984
68 4.5324142740529047e-05 0.065112908921532833 0.065712250038109543
69 3.7438574012263716e-05 0.065328144471585289 0.066009446010977232
70 3.0924949471099193e-05 0.065506976470200012 0.066277352600991074
71 2.5544576016083489e-05 0.065651207533462971 0.066521046095356917
72 2.1100288763649661e-05 0.0657670349656133 0.06673570373488967
73 1.7429225900209788e-05 0.065862480725427885 0.066952698871153571
74 1.4396860577750694e-05 0.065949800275786827 0.067158186645778911
75 1.1892071150027221e-05 0.066024759782743928 0.067383354316598296
76 9.8230690971520696e-06 0.066058445728351428 0.067551582711006392
77 8.11403541654753e-06 0.066144158214254886 0.067816824599519057
78 6.7023422201189086e-06 0.066167824248464652 0.068008454117506056
79 5.5362577225109307e-06 0.066243794912830958 0.068285953094441146
80 4.5730505192732673e-06 0.066259902902018816 0.068519616564124655
81 3.7774236858215935e-06 0.066268382724812613 0.068752615436589323
82 3.1202213144309545e-06 0.066260863470361989 0.069026212936086948
83 2.5773600900455229e-06 0.066288509121471412 0.069306505017380629
84 2.1289467522821961e-06 0.066281624759728458 0.069633269114921903
85 1.7585491028430009e-06 0.06635864956432877 0.070028060711604945
86 1.4525938442541221e-06 0.066311463839255944 0.070394886579398991
87 1.1998691836092264e-06 0.066328709452106477 0.070801959284905541
88 9.9111397412972056e-07 0.066418714255716341 0.071345782317858875
89 8.186783385505517e-07 0.06634073331174975 0.071776803428846167
90 6.7624333780624212e-07 0.066338815662768738 0.072294933848058546
91 5.5858941221893542e-07 0.066309428179903665 0.072903295759707054
92 4.6140510966852091e-07 0.066376249118133862 0.073591815503625604
93 3.8112909154958553e-07 0.066305887691257545 0.074312374377671339
94 3.1481962679123447e-07 0.066474876689920193 0.075219873129021009
95 2.600467915214958e-07 0.0664430354051955 0.076137129252252897
96 2.1480342401100629e-07 0.066551645635770748 0.07717539837190325
97 1.7743157182171241e-07 0.066464617410694662 0.078168480957467854
98 1.4656173580133613e-07 0.066308366656024867 0.079213212857873527
99 1.2106268450738086e-07 0.066752101211862813 0.080902252368922567
100 1.0000000000000013e-07 0.066462854041328762 0.082121998087096693
101 2.2204460492503159e-23 0.068855943314252432 0.10730769058545259
