0 20 0 0
1 16.520367181169423 0.012268740704452212 0.012270457884426211
2 13.646126590032987 0.012381111862743318 0.012382886501786435
3 11.271951093403217 0.012492730780695087 0.012494565019000804
4 9.310838545560264 0.011460501215347868 0.011462170477824668
5 7.6909235768620512 0.011439604759990046 0.011441260994705537
6 6.3528440726036983 0.011063249115559396 0.011065114471641328
7 5.2475658362064417 0.012428251743762773 0.012430176164836486
8 4.3345857210745384 0.014916090480975468 0.014918000982337273
9 3.5804473845202698 0.018316450536931587 0.018318319273133623
10 2.9575152732566279 0.019305242292060435 0.019307084586597811
11 2.4429619129058056 0.014529929242229364 0.014531847902575133
12 2.017931390540797 0.014320939832804981 0.014323030221310594
13 1.6668483759070878 0.020230671703863886 0.020232602189855346
14 1.3768473602660503 0.023145478022442888 0.023147012932252537
15 1.1373011972009504 0.027421670857096864 0.027423217922910307
16 0.93943166866716366 0.039100566082775942 0.039102316677360124
17 0.77598780540001189 0.030094726535737776 0.030097234427659419
18 0.64098017366590199 0.02640747988087528 0.026408648462079107
19 0.52946139124052216 0.031588698791045859 0.031590760157306372
20 0.4373448295773113 0.048926654474878789 0.048928672501348261
21 0.36125485847015737 0.054718959879849913 0.054721553353184488
22 0.29840314539541962 0.035662716760236801 0.035672363170602482
23 0.24648647649741087 0.037867756903982829 0.037869201890507964
24 0.20360235484649572 0.043808427271704371 0.043810257791133525
25 0.16817928305074295 0.049986275727799998 0.049990319258581377
26 0.13891917541320484 0.035710768603963869 0.035713958460244014
27 0.11474978931657136 0.035654841021244749 0.035656939276711173
28 0.094785432673579556 0.037561900430073583 0.037564486755695209
29 0.078294507559677373 0.041736316053747863 0.041739081003619484
30 0.064672700657735768 0.041541344562497064 0.04154352992867287
31 0.053420838073182604 0.04956213721602222 0.049579779300321376
32 0.04412659300473859 0.042312986453906375 0.042314971330301224
33 0.036449375944615177 0.044903732605082923 0.04490723318444971
34 0.03010785370647634 0.047247237161539675 0.047250796363302365
35 0.024869639913396094 0.046574598340506437 0.046576986379552938
36 0.020542779151638497 0.046221873766817759 0.046223095735632415
37 0.016968712725337003 0.046989432483067681 0.046991061002561257
38 0.014016468240717467 0.047815463863807174 0.047848009927778205
39 0.011577860095992617 0.048171445523540309 0.048175334355692732
40 0.0095635249979003738 0.04873063961409229 0.048799099849557152
41 0.0078996472255803349 0.049606144739871051 0.049610180237324789
42 0.0065252536384146718 0.049694125247956036 0.049696517091337579
43 0.0053899793028436057 0.050135779676620612 0.050146185689552411
44 0.0044522218590939975 0.050217667817278211 0.050221764541638327
45 0.0036776169942130794 0.051299221161193613 0.051302767667405338
46 0.0030377791548054345 0.057137969451429134 0.057148701661175277
47 0.0025092613526344143 0.072730804708776367 0.072754983851747279
48 0.0020726959449519186 0.053715477082954675 0.053969799068792214
49 0.0017120849032763309 0.050914007481965853 0.050923394982718057
50 0.0014142135623730961 0.050600479452105503 0.050606103578857628
51 0.0011681663661496596 0.050442219853040572 0.05044741621607516
52 0.00096492686487423891 0.050380652399204966 0.050389018425190654
53 0.00079704730553485387 0.050388545614580255 0.050394183698125802
54 0.00065837570740987579 0.050418369208476033 0.050424480943048834
55 0.00054383042147866569 0.05043013182515832 0.050436869837292446
56 0.00044921391235588416 0.050482655458180814 0.050490049205637148
57 0.00037105893875044328 0.050563754751967574 0.050571970896714252
58 0.00030650149570061888 0.051258192165126025 0.051267448578674407
59 0.00025317586252759222 0.051835137836170039 0.05184549697316071
60 0.00020912791051825479 0.050697792152663831 0.05070896283753272
61 0.00017274349347961559 0.050596813399113413 0.050609017767053559
62 0.00014268929702205977 0.050560901154393011 0.050574397114564303
63 0.00011786397898136859 0.050566139233083333 0.050580965419290858
64 9.735781051029222e-05 0.050571700498666744 0.050588132088585043
65 8.0419338879237148e-05 0.050552941122010954 0.05057098858005165
66 6.6427850337594574e-05 0.050560032537051228 0.050580028620316159
67 5.4870623931641577e-05 0.050587137035555209 0.050609097407607689
68 4.5324142740529047e-05 0.050543585768852567 0.050567824488495179
69 3.7438574012263716e-05 0.050603035899838444 0.050629730370240669
70 3.0924949471099193e-05 0.050588327257599076 0.050617707523841829
71 2.5544576016083489e-05 0.05050053008978711 0.050532961817773461
72 2.1100288763649661e-05 0.050595567690586027 0.050631243926632069
73 1.7429225900209788e-05 0.050564071929428599 0.050603348697855981
74 1.4396860577750694e-05 0.050555810162379283 0.050599065222499254
75 1.1892071150027221e-05 0.050604450180050962 0.050652101264392527
76 9.8230690971520696e-06 0.050630939444812804 0.050683383677855742
77 8.11403541654753e-06 0.050627298873750434 0.050684978342247659
78 6.7023422201189086e-06 0.050481642529559299 0.050545195613775122
79 5.5362577225109307e-06 0.050616173111745245 0.050686118555986683
80 4.5730505192732673e-06 0.050610507502940404 0.050687436481242222
81 3.7774236858215935e-06 0.05072808638006418 0.050812873331358629
82 3.1202213144309545e-06 0.050635841674536067 0.05072896454256582
83 2.5773600900455229e-06 0.050722117974423019 0.050824824867815491
84 2.1289467522821961e-06 0.050846823568049308 0.050959512241167688
85 1.7585491028430009e-06 0.050531687720643564 0.050655942015628785
86 1.4525938442541221e-06 0.050595172566059575 0.050731987673177714
87 1.1998691836092264e-06 0.050761786751246991 0.050912065833631989
88 9.9111397412972056e-07 0.050762438463057745 0.050928201060426385
89 8.186783385505517e-07 0.050906047663892229 0.051087799712507286
90 6.7624333780624212e-07 0.051125083512958788 0.051325661998075429
91 5.5858941221893542e-07 0.051001991420036745 0.05122225803818662
92 4.6140510966852091e-07 0.051140401530960278 0.051382855453604583
93 3.8112909154958553e-07 0.051222346806973254 0.051489478090687164
94 3.1481962679123447e-07 0.051860034804370979 0.052153217998434614
95 2.600467915214958e-07 0.052084826656641256 0.052408348350317324
96 2.1480342401100629e-07 0.05159013535902203 0.05194523960229034
97 1.7743157182171241e-07 0.051961256106772706 0.05235265075545855
98 1.4656173580133613e-07 0.052668800401314761 0.053099031424523629
99 1.2106268450738086e-07 0.05374134339216248 0.054214696242781454
100 1.0000000000000013e-07 0.053804893161234914 0.054325931642292193
101 2.2204460492503159e-23 0.076131643063870283 0.077665672960088361
