0 20 0 0
1 16.520367181169423 0.092201150394570663 0.092228909469943651
2 13.646126590032987 0.090117883148172928 0.090146811398397364
3 11.271951093403217 0.090805240157683001 0.090837690869995366
4 9.310838545560264 0.089175719384803134 0.089204544273701683
5 7.6909235768620512 0.095708674263050741 0.095737363425532365
6 6.3528440726036983 0.093583048500248123 0.09361755487436936
7 5.2475658362064417 0.10367023171044779 0.10370533665454561
8 4.3345857210745384 0.12512725758240395 0.12516037897613921
9 3.5804473845202698 0.10257773914598617 0.10260723487905984
10 2.9575152732566279 0.1124400790044485 0.11246662513001768
11 2.4429619129058056 0.13812431220883373 0.13815214349732294
12 2.017931390540797 0.13173164683902305 0.13176419916091986
13 1.6668483759070878 0.15927801710284786 0.15930558292541933
14 1.3768473602660503 0.16924585704209874 0.16926245896262734
15 1.1373011972009504 0.13814430824527549 0.13816576362227229
16 0.93943166866716366 0.19839899253824736 0.19841862330013726
17 0.77598780540001189 0.22962131823723478 0.22966904895044779
18 0.64098017366590199 0.13109895000348318 0.13110516692266461
19 0.52946139124052216 0.21146834957894062 0.21149941402793665
20 0.4373448295773113 0.15375205143157217 0.15375508477470923
21 0.36125485847015737 0.17238264946189122 0.17238578125995427
22 0.29840314539541962 0.19633489072978702 0.19651769368339456
23 0.24648647649741087 0.2491270645224451 0.24913304528725896
24 0.20360235484649572 0.3920113324526403 0.39202966149624169
25 0.16817928305074295 0.54845404286644661 0.54854677667828455
26 0.13891917541320484 0.041958189773575967 0.042005699460052462
27 0.11474978931657136 0.024211116397753286 0.024227393351163588
28 0.094785432673579556 0.049657185574846954 0.049667710250203917
29 0.078294507559677373 0.070539610499630659 0.070551150890092243
30 0.064672700657735768 0.09189507238824994 0.091938714846720074
31 0.053420838073182604 0.2998679716082096 0.30036815167706143
32 0.04412659300473859 0.047537021121929271 0.047567691347576949
33 0.036449375944615177 0.073641721491606096 0.073687782817791897
34 0.03010785370647634 0.081049315401255928 0.081059832471729321
35 0.024869639913396094 0.085656300479107286 0.085666267185084521
36 0.020542779151638497 0.088743327183143816 0.088753664502542864
37 0.016968712725337003 0.091292334140292364 0.091303469874744983
38 0.014016468240717467 0.09925012441657087 0.10036109969688656
39 0.011577860095992617 0.095558163306840666 0.095571060329668056
40 0.0095635249979003738 0.096559416709078083 0.096573282450717501
41 0.0078996472255803349 0.097387946605171832 0.097402866413633382
42 0.0065252536384146718 0.098067992004540236 0.09808440552911897
43 0.0053899793028436057 0.098634694508481724 0.098652796844888577
44 0.0044522218590939975 0.099375851654914554 0.099436728315075495
45 0.0036776169942130794 0.099652714486142074 0.09967436498875458
46 0.0030377791548054345 0.099669305669828859 0.099693076605376962
47 0.0025092613526344143 0.099679291641386294 0.099706709982618727
48 0.0020726959449519186 0.11789854848299142 0.12714535190562243
49 0.0017120849032763309 0.10093629294468763 0.10097081733233171
50 0.0014142135623730961 0.10076558474670858 0.10080018096676295
51 0.0011681663661496596 0.10062633858618479 0.10066393780987698
52 0.00096492686487423891 0.1005064782383695 0.10054751158603602
53 0.00079704730553485387 0.10041415177013542 0.1004594356333964
54 0.00065837570740987579 0.10033979863079882 0.10038916459040369
55 0.00054383042147866569 0.10027409116591109 0.10032894331715608
56 0.00044921391235588416 0.10021980787207954 0.10027947970671663
57 0.00037105893875044328 0.10018179935412488 0.10024784546879091
58 0.00030650149570061888 0.10013247296456758 0.10020489673437467
59 0.00025317586252759222 0.10011330128842941 0.10019277820498139
60 0.00020912791051825479 0.10007490678995187 0.10016274119457361
61 0.00017274349347961559 0.10006088273680785 0.10015682764973668
62 0.00014268929702205977 0.10004399696960241 0.10015066199869908
63 0.00011786397898136859 0.1000475418369043 0.10016365782942589
64 9.735781051029222e-05 0.10001948183548311 0.10014823843514029
65 8.0419338879237148e-05 0.099998893189200411 0.10013989607576194
66 6.6427850337594574e-05 0.099989208079000802 0.1001446146881959
67 5.4870623931641577e-05 0.10001661130957498 0.1001882137949327
68 4.5324142740529047e-05 0.099983949779444178 0.10017112049161632
69 3.7438574012263716e-05 0.099997199997730088 0.10020510296238916
70 3.0924949471099193e-05 0.09996145065204988 0.10018792677815112
71 2.5544576016083489e-05 0.099981577331655691 0.10023328319922947
72 2.1100288763649661e-05 0.099963740513169003 0.10023942102029401
73 1.7429225900209788e-05 0.099970553215102412 0.100273078634466
74 1.4396860577750694e-05 0.099976928927061601 0.10031151668766115
75 1.1892071150027221e-05 0.099929854156416295 0.10029513146548708
76 9.8230690971520696e-06 0.09991854440082687 0.10032469687026672
77 8.11403541654753e-06 0.099974787114856162 0.10041708793367789
78 6.7023422201189086e-06 0.099957637937371141 0.10044840810276058
79 5.5362577225109307e-06 0.099940398092815505 0.1004792268390621
80 4.5730505192732673e-06 0.099975680339622078 0.10056604800444323
81 3.7774236858215935e-06 0.099988270332641002 0.1006421902620377
82 3.1202213144309545e-06 0.099987254093890407 0.10070025321069248
83 2.5773600900455229e-06 0.099998395726127995 0.10079094747816522
84 2.1289467522821961e-06 0.099938429611983445 0.10080327866939089
85 1.7585491028430009e-06 0.10004890384746447 0.10100552649571573
86 1.4525938442541221e-06 0.099940910025181032 0.10099306020443581
87 1.1998691836092264e-06 0.100100518556172 0.10125322898537471
88 9.9111397412972056e-07 0.10011277817086271 0.10139133741574864
89 8.186783385505517e-07 0.10012359742890937 0.10151676221572017
90 6.7624333780624212e-07 0.10018357584379708 0.10172981151777331
91 5.5858941221893542e-07 0.10018709066847861 0.10188006335804589
92 4.6140510966852091e-07 0.099875870867917688 0.10173870926629446
93 3.8112909154958553e-07 0.10024550614931543 0.10230322234755039
94 3.1481962679123447e-07 0.10019259990160671 0.10244119462941033
95 2.600467915214958e-07 0.10016904010504223 0.10265655210512446
96 2.1480342401100629e-07 0.099684115926938002 0.10241020088961596
97 1.7743157182171241e-07 0.10015210909114969 0.10316132007660807
98 1.4656173580133613e-07 0.1001460539837946 0.10345315571263115
99 1.2106268450738086e-07 0.10088273042062704 0.10451742738482869
100 1.0000000000000013e-07 0.1008121491936379 0.10481848608192708
101 2.2204460492503159e-23 0.10432995306859283 0.11610363516454578
