0 0 0
1 0.014053336900811295 0.014055408570878298
2 0.013916772608680066 0.013918969126579335
3 0.013896518023561963 0.013898752635048642
4 0.014135424128189246 0.014137674758174845
5 0.013890062944815448 0.013892339629518899
6 0.014123897508996158 0.014126093169077715
7 0.012948315154703282 0.012950390803892495
8 0.012487100306690049 0.012489074106374915
9 0.012437500061961442 0.012439457780366391
10 0.012622766580427812 0.012624792258280219
11 0.012329653129278993 0.012331814443128903
12 0.01110016389495736 0.011102421469621036
13 0.0128866430927047 0.012888929653002066
14 0.013489945007654542 0.013492270420093109
15 0.015844631030680845 0.015846988274320503
16 0.015854585780166533 0.015856947675132873
17 0.017058404620605684 0.017060781310849829
18 0.021119544126809484 0.021121975901080479
19 0.0234326946496064 0.023435153074334684
20 0.01688311767276196 0.01688561713893149
21 0.014408092551904488 0.014410671453393252
22 0.015019262539689703 0.015021931064355249
23 0.011626565354344953 0.011629332198997562
24 0.016513865287934991 0.016516733587450622
25 0.022681800482999691 0.022684733346877439
26 0.019130646403199471 0.019133153719559957
27 0.021132485065042582 0.021134795772965669
28 0.021015608556715422 0.021017626560830029
29 0.0304625621741915 0.030464772759085598
30 0.023953829459112327 0.023956450992389119
31 0.031521646989339666 0.031524430563172542
32 0.045905750892722814 0.045908368006078663
33 0.028871754184909462 0.028874307288246172
34 0.029057528070929213 0.029060640386538279
35 0.024541884373140234 0.024543742740359458
36 0.025906978234501742 0.025908987106985065
37 0.027110867204810554 0.027113037337211963
38 0.031865287184807585 0.031868012737595271
39 0.034364285193864988 0.034368666754418999
40 0.063388497237186398 0.063393733355975174
41 0.070844961247369442 0.070849496376992255
42 0.03773253533314512 0.037734763924636261
43 0.031991086854749225 0.031994213964303873
44 0.032382794504967935 0.032384376677982295
45 0.034352154600587465 0.034354127674801622
46 0.034549194330931988 0.034551241872585133
47 0.036369773672912956 0.036372468014939645
48 0.042200386040910989 0.042204623269647475
49 0.04677758144925255 0.046781736772196714
50 0.040217183457667074 0.040222737795471496
51 0.031629236172542423 0.031633883078382295
52 0.030568736164913575 0.030572238276277173
53 0.026820263672637765 0.026823983767228256
54 0.02789608889862356 0.027900222006202551
55 0.027739966327780842 0.02774164965557422
56 0.03070709033832059 0.030731976326856304
57 0.041296389831263408 0.041303807087486176
58 0.042625883298420611 0.042636640799710142
59 0.032067423994872127 0.032071726283080998
60 0.029647514386798211 0.029649699789499207
61 0.030831211158245227 0.03083403547809652
62 0.043084960406523667 0.043122365095771636
63 0.029374934797659982 0.029378791807611139
64 0.029430763438964436 0.029433238932599734
65 0.031492229170900526 0.031495059352691548
66 0.03654954293622676 0.036556772246390069
67 0.044000760091170529 0.044014311114222819
68 0.033460266491295174 0.03346595806470043
69 0.038940462069543408 0.03894860130317368
70 0.031128109551803958 0.031133072372936114
71 0.029885180070594639 0.029887545344280828
72 0.030637597392476009 0.03064073405161279
73 0.032040435124843829 0.032044390095400027
74 0.031849969541425237 0.031853468154773801
75 0.031744175497732008 0.031746899522276044
76 0.031494773833762743 0.031498151543935156
77 0.031355740725261143 0.03135794202019667
78 0.031372924319213423 0.031375311120367143
79 0.031531871681097626 0.031539146133819376
80 0.031829212438507545 0.031831758436140042
81 0.033722218757847935 0.033732322913162256
82 0.034185322592505264 0.034190742794553183
83 0.034650302034087657 0.034657435285996518
84 0.032948176447329058 0.03295332471636904
85 0.033636931675543401 0.033669277327335739
86 0.033217649615561402 0.033250555679102713
87 0.032406248093176958 0.032413571820556562
88 0.032809102301548022 0.032813365292153639
89 0.033708665417440407 0.033712581369276115
90 0.035465954380849374 0.03547164397437981
91 0.038415533503430535 0.038422555701713684
92 0.050769056486721455 0.050850903988376425
93 0.083935218543476547 0.083985340552758095
94 0.060028034845172266 0.060061312788769819
95 0.041713175494856994 0.041731557179925355
96 0.038589538721147551 0.03955239033955403
97 0.034090634779028108 0.034112772921613979
98 0.033084435325510725 0.033091210811599422
99 0.032768785831931935 0.032775516218945984
100 0.032700948855357424 0.032711530329027662
101 0.032455368115200237 0.032464432715697475
102 0.032318178150547494 0.032329850047356411
103 0.033462742230714639 0.033541332576863737
104 0.032468590014270472 0.032477151454289248
105 0.032342068217766445 0.032349381993802648
106 0.032337631902855116 0.032344859205477215
107 0.032363266754118811 0.032370796451188413
108 0.032391767074294461 0.032399692951855977
109 0.03241674131090546 0.032425207017809085
110 0.032462647469790315 0.032472243798865583
111 0.032533796868663978 0.032543711618864074
112 0.032637918192662374 0.032649166119589582
113 0.0328575218501026 0.032871658302634561
114 0.033542403074670879 0.033566847376426512
115 0.0390917238309176 0.039214666150113632
116 0.040046869328317976 0.040174883089986138
117 0.036350412736007323 0.036383444410573965
118 0.033793448227468492 0.033814900180594923
119 0.033051435695439897 0.033071526511411244
120 0.03282608909933081 0.032845496539603093
121 0.032739443606361912 0.032757271638680079
122 0.032706488165415291 0.032724657135095508
123 0.032667456491741811 0.032686283074393162
124 0.032663950094972645 0.03268346411493165
125 0.032654482708049618 0.032674761562148623
126 0.032645420228585735 0.032666493551421219
127 0.032658336632354484 0.032680447608027297
128 0.032647400411013043 0.032670613169784417
129 0.03266813799013428 0.032692419850450516
130 0.032644439213851843 0.032669807354013258
131 0.032675559429934359 0.032702097309703845
132 0.032670588979018859 0.032698564811799294
133 0.032669961381617103 0.032699318951321284
134 0.032660602302972741 0.032691360617001522
135 0.032659140686466089 0.032691275249966248
136 0.032649629041616682 0.032683349034558044
137 0.032673874263441899 0.032709391649951826
138 0.032668163548210269 0.032705447330909826
139 0.032674584032364062 0.032713617089153442
140 0.032677363639950135 0.032718157919130984
141 0.03265886213966545 0.032701875300252377
142 0.032666487859843669 0.032711729635388362
143 0.032672895434993465 0.032720363538974249
144 0.03266599874807808 0.032715595115495308
145 0.032672774690655111 0.032724673594527784
146 0.032654955001488538 0.032709659314523257
147 0.03269744815875307 0.032754961151093373
148 0.032654858957121217 0.032715157961837681
149 0.032641316160691922 0.032704239760331349
150 0.032658337080633461 0.032724433038040533
151 0.032669704072962269 0.032739322569474323
152 0.032685151980357 0.032758224248359592
153 0.032676330892314739 0.032752782386730246
154 0.032677756859640424 0.032757607088411834
155 0.032716177095979765 0.03280032997951414
156 0.032702349841046099 0.032790864477795736
157 0.032691175492168184 0.032784022585399752
158 0.032748225862538498 0.032845147810346378
159 0.032680062747472094 0.032781622239072279
160 0.032689232684264706 0.032796335034240766
161 0.032685424427025274 0.032797992072386789
162 0.032714903104005086 0.032832750416557421
163 0.032715209242430897 0.032838108531912907
164 0.032665967196607242 0.03279524867279783
165 0.032679342077894365 0.032815524664725947
166 0.032689495324113638 0.032832461461309914
167 0.032735703978801683 0.032885077460787976
168 0.032713917286370228 0.032870017891599983
169 0.032650441162019525 0.032814840584282357
170 0.032760726553223214 0.032933859737930907
171 0.032858530838743814 0.033040039779828452
172 0.032829459030622836 0.033018944394374826
173 0.032753381802259 0.032951968431631493
174 0.03284024700699447 0.033049460843412246
175 0.032820979111455893 0.033040942745126423
176 0.032809384735824891 0.033039622835456639
177 0.032730761762925609 0.032971138969697972
178 0.032963452971079631 0.033215856437582549
179 0.032733239851221466 0.032999215770303604
180 0.032795294267613163 0.033074611931310588
181 0.032813120524999545 0.033105127630178054
182 0.032845442623285898 0.033150549293608736
183 0.032809500655440395 0.033130264278101715
184 0.033042396012439169 0.033380166895355029
185 0.032683378961354932 0.033037734511691702
186 0.032778788726135738 0.033149148404186375
187 0.032869852590920547 0.033257781291458823
188 0.032895683457835861 0.033303652888666449
189 0.032970174192740995 0.033399127062313613
190 0.033149675653426788 0.033599103615393609
191 0.032783084460529598 0.033253105141921049
192 0.033175584591521048 0.03366856878423747
193 0.033337933487574967 0.033856635781133862
194 0.033152237220001289 0.03369719006924931
195 0.033502998671749017 0.034073493976054733
196 0.033213358963350405 0.033810118172854065
197 0.033296068908570349 0.033922468705178913
198 0.033231092385470409 0.033889214934838451
199 0.03370242070482643 0.0343927374719585
200 0.033151228159598742 0.033874765879652755
201 0.042068338217981033 0.044180363363339366
