0 20 0 0
1 18.527886247051331 0.14129851952781933 0.14131932821250764
2 17.164128439183692 0.13961485088962877 0.13963662808183219
3 15.900750962548708 0.13754477037605684 0.13756694993295007
4 14.73036525383972 0.14107130250709496 0.14109373891235691
5 13.646126590032987 0.1404040502826277 0.14042655782604402
6 12.641694058649682 0.13920778821608867 0.13923058001988683
7 11.711193474434298 0.13849929591647653 0.13852163504612527
8 10.849183025576426 0.14051257870080594 0.140533915770508
9 10.050621448566011 0.12579369532874596 0.12581411208410945
10 9.3108385455602658 0.12408172171220544 0.12410137275728199
11 8.6255078718400728 0.1244035286419105 0.12442307986683422
12 7.9906214336249342 0.12324991992958406 0.12326982231121195
13 7.40246624827265 0.12904569281529363 0.12906664893268829
14 6.8576026297816242 0.12285267716677804 0.12287466553845289
15 6.3528440726036992 0.11759688149599717 0.11761950610661796
16 5.8852386161227823 0.12736277687768438 0.12738561895144207
17 5.4520515808138352 0.14381369556967966 0.14383679663790744
18 5.0507495751187559 0.14354806358525979 0.14357155792883047
19 4.6789856795071572 0.1447157353312126 0.14473930473075253
20 4.3345857210745393 0.16773791577922306 0.16776154816238065
21 4.0155355584081018 0.16735418349365436 0.16737789687865948
22 3.7199693023587526 0.21035044326161853 0.21037461862557766
23 3.4461584038312933 0.2276504484203396 0.22767492079081811
24 3.1925015447753093 0.22979595575438735 0.22982059669775709
25 2.9575152732566292 0.16085496493527249 0.1608800320971297
26 2.739825327840788 0.14605881928809386 0.14608453150686812
27 2.538158600551212 0.15087489484087219 0.1509012796123391
28 2.3513356913993926 0.12907918618310021 0.12910637021846341
29 2.178264010943987 0.13342059647236434 0.13344856217585582
30 2.0179313905407983 0.16640662482128996 0.16643540576592961
31 1.8694001629147012 0.20930329225300259 0.20933262153056392
32 1.7318016784351404 0.19549995270629855 0.19552848240388901
33 1.6043312250249424 0.22188052198164429 0.22190371066852477
34 1.4862433219927322 0.19714954391964151 0.19717762608940526
35 1.3768473602660514 0.21944617990384288 0.21946756393866315
36 1.2755035635281151 0.32186659366053821 0.32188617471247949
37 1.1816192466378763 0.23846411961775663 0.23849416123643472
38 1.094645349451653 0.2556455775505212 0.25566890621649929
39 1.014073225775199 0.37383999183200856 0.3738745303989261
40 0.93943166866716443 0.46233647938275502 0.46236283753788227
41 0.87028415469714193 0.29830241062663554 0.29833114100601471
42 0.80622629104199339 0.29626639136906935 0.29630456727114041
43 0.74688345049040761 0.26147463858230369 0.26151257872855321
44 0.69190858052457327 0.24650339910383215 0.24652413643261475
45 0.64098017366590243 0.2605604272513829 0.26060196353679399
46 0.5938003872148524 0.26798662668414569 0.26801763606680445
47 0.55009330138859092 0.32917946627126843 0.32927117191453648
48 0.50960330566963685 0.30642907999500268 0.30646639517802149
49 0.47209360392841798 0.37442406310700693 0.37445442888053554
50 0.43734482957731169 0.68365255966985661 0.68368938748909869
51 0.40515376265722408 0.76924393465023977 0.76929237781689164
52 0.37533214135389403 0.41050436571415921 0.41052964067051179
53 0.34770556099335698 0.33922582249823574 0.33928291116462672
54 0.3221124540776043 0.32401950320773537 0.32406580065716389
55 0.2984031453954199 0.3253886899987794 0.32547107444012546
56 0.27643897668243295 0.34424376508517673 0.34426634234226694
57 0.25609149571116963 0.33865734915912238 0.33869038278533536
58 0.23724170506868922 0.35664388306346168 0.35666412296572286
59 0.21977936622845876 0.37268293209045067 0.37272302430333726
60 0.20360235484649594 0.426545668100275 0.42662375603862357
61 0.18861606351138285 0.46582106866559042 0.46589685714168971
62 0.17473284845527554 0.44326474660106635 0.44335237472099598
63 0.16187151699013019 0.33864981717969289 0.3387054004091426
64 0.14995685267153844 0.31285026552835182 0.31292905600718607
65 0.13891917541320498 0.30925214106474758 0.30929877708835474
66 0.1286939339795016 0.27337850290865628 0.27346073449740765
67 0.11922132847288698 0.27336232443998032 0.27340124375304858
68 0.11044596060839959 0.27494778287708393 0.27505767856828589
69 0.10231650972993699 0.28614774109703572 0.28624137178182307
70 0.094785432673579653 0.3113684937385866 0.31147263081711385
71 0.087808685722681315 0.39278759329255497 0.39288194484726391
72 0.081345467028645979 0.46641518107176111 0.46733570538682806
73 0.075357977991000871 0.34675232502094983 0.34681075574283998
74 0.0698112022012531 0.30944521536907527 0.30948200818987548
75 0.064672700657735852 0.29690827391789554 0.29743894943027721
76 0.059912422053806584 0.30383213046477769 0.30385347821475833
77 0.055502527029912894 0.44860112864621804 0.44911867657405302
78 0.051417225361705891 0.3247205839484178 0.32490282885720356
79 0.047632625132034472 0.28664384026337514 0.28666532103661618
80 0.044126593004738653 0.29601716073448836 0.29607220213305918
81 0.040878624783086438 0.31390352518074804 0.31394078445967449
82 0.037869725495845948 0.33999455369916365 0.34008550584236219
83 0.035082298309704663 0.42696132473240905 0.42736599860498725
84 0.032500041618366456 0.41012252050610326 0.4102471342600072
85 0.030107853706476385 0.3298522888854552 0.32991388650918796
86 0.027891744430822863 0.38161603347579431 0.38168903143633898
87 0.025838753402305674 0.34676221145977004 0.34685681213907871
88 0.023936874190176503 0.29860909109884187 0.29865171968246923
89 0.022174984105278461 0.30236911853146942 0.30239305772031666
90 0.020542779151638532 0.30629239756564075 0.30632674954507005
91 0.019030713765992819 0.32082273154254654 0.3208827069821118
92 0.017629944992825438 0.31883936938331714 0.3188778941051999
93 0.016332280768442096 0.31839264947646101 0.31845272308781564
94 0.015130132011629962 0.31712133548603627 0.31724129071243823
95 0.014016468240717493 0.31479809544992182 0.31488939525425402
96 0.01298477645747107 0.31364223611660824 0.31370570733860803
97 0.012029023057370707 0.31387679096726051 0.31392143306962689
98 0.011143618543506104 0.31463608014939853 0.31469965791115445
99 0.010323384837730647 0.31632144315030591 0.31636230046575314
100 0.0095635249979003946 0.31840397718771335 0.31842615713317091
101 0.0088595951640965155 0.33253710120442759 0.3326320129976616
102 0.0082074785697653155 0.3363250374516869 0.33637386613351394
103 0.007603361465786166 0.35031517944149232 0.35040658310767431
104 0.0070437108166649777 0.34103521628704347 0.34110002694956193
105 0.0065252536384146865 0.32789509971287351 0.32797758812801325
106 0.0060449578572852559 0.33081649743921021 0.33089160943127482
107 0.0056000145774000188 0.36334669030172506 0.36483016786930311
108 0.0051878216535948393 0.32442138236783424 0.32446905544250781
109 0.0048059684733897457 0.32656099171511321 0.32716656923033466
110 0.004452221859094007 0.32859333745675029 0.32863898749397258
111 0.004124513007596458 0.33561064149002467 0.33565519340755556
112 0.0038209253914615366 0.34966881461301341 0.34973528845162466
113 0.0035396835505734714 0.36371907831835643 0.36377628124209871
114 0.0032791427087792021 0.40239956054576315 0.40256902632489944
115 0.003037779154805441 0.52569556966487674 0.52606132472944911
116 0.0028141813311949471 0.83548607653701068 0.83602604683231718
117 0.0026070415791477732 0.71690963060816559 0.71734238895594571
118 0.0024151484909891506 0.46846084123733484 0.4686796347965369
119 0.0022373798255392327 0.39965163651225516 0.40109200609824031
120 0.002072695944951923 0.36238018154762891 0.36395608482998609
121 0.0019201337346396897 0.3415736604793943 0.34171621385301459
122 0.0017788009707265008 0.33258518498612827 0.33266390208780439
123 0.0016478711020882545 0.32863630320430426 0.32870457132238395
124 0.0015265784164647145 0.32752848549687014 0.327655626041223
125 0.0014142135623730991 0.32688631693358816 0.32696807023677721
126 0.0013101194006343007 0.32474891198102157 0.32481562046582779
127 0.0012136871612503696 0.32341683722271469 0.32349903654796158
128 0.0011243528831576747 0.32375001730207886 0.32900984997309618
129 0.0010415941160344796 0.33815318417863011 0.33874317835576601
130 0.00096492686487424119 0.32423180807750479 0.32431021727751952
131 0.00089390275945569052 0.32346155669470161 0.32354376730920931
132 0.00082810643215601616 0.32334788095312689 0.32341977540824235
133 0.00076715308877190987 0.32349346752228036 0.32356711973289992
134 0.00071068625814200092 0.32368370126291546 0.32376007490100728
135 0.00065837570740987753 0.32388893156269311 0.32396859992745075
136 0.00060991551073560804 0.32417305918279521 0.32425706998171377
137 0.000565022260161078 0.32444963757682532 0.32454705689809016
138 0.00052343340816581475 0.32496294392459135 0.32505759468884687
139 0.00048490573222013022 0.32562728006926339 0.32572950488635427
140 0.0004492139123558853 0.32652265130413316 0.32663677527963564
141 0.00041614921343613643 0.32812494390096747 0.32826122669629815
142 0.00038551826441723106 0.33195325229344225 0.33214413967817419
143 0.00035714192746415566 0.34645559671544851 0.34691281655039774
144 0.00033085425030542667 0.42447437436834407 0.42632952019806958
145 0.00030650149570061964 0.38847308634238781 0.38948531771624412
146 0.00028394124234460864 0.3668284278236244 0.36717473607509171
147 0.00026304155195036718 0.34278294381573104 0.34301403194060981
148 0.00024368019763921231 0.33285325443982461 0.33304863659363232
149 0.00022574394912591559 0.3295465511820132 0.32974038472699391
150 0.00020912791051825533 0.32822687791123351 0.32840558167853517
151 0.00019373490685828821 0.32744924922000912 0.32762730009592694
152 0.00017947491581767243 0.32718164332517657 0.32736173086949738
153 0.00016626454122344741 0.32691676479196619 0.32710166325856982
154 0.00015402652533531052 0.32661201651466759 0.32680222845815082
155 0.00014268929702206015 0.32654527830825519 0.32674116370136419
156 0.00013218655319482254 0.32662138348784664 0.32682340512144015
157 0.00012245687104917358 0.32655247125250664 0.32676065624079131
158 0.00011344334884844607 0.32655059055156521 0.32676607327262902
159 0.00010509327314742851 0.32657173262897987 0.32679626010190954
160 9.7357810510292477e-05 0.32659171918184915 0.32682490032815953
161 9.0191721919833867e-05 0.32662416091553187 0.32686587452606425
162 8.3553098207818401e-05 0.32658901317161804 0.32683947184739653
163 7.7403114959158381e-05 0.3265919948087932 0.32685109757311831
164 7.170580545653619e-05 0.32653306039934166 0.32680258193844686
165 6.642785033759475e-05 0.32656281033092832 0.32684402064786067
166 6.1538382734555291e-05 0.32653817706921684 0.32683036371083779
167 5.7008807756667401e-05 0.32663711888033059 0.32694044000952371
168 5.2812635259777557e-05 0.32662153637832891 0.32693605443635698
169 4.892532492500854e-05 0.32662878769596337 0.32695433469260293
170 4.5324142740529169e-05 0.32669587961532476 0.32703486331100451
171 4.1988028047082091e-05 0.32661053963598596 0.32696393018678621
172 3.8897470369716887e-05 0.32675052852942493 0.3271180362195158
173 3.603439531540821e-05 0.32658559177273355 0.32696726368739676
174 3.3382058869258135e-05 0.32665969091589286 0.32705507393962902
175 3.0924949471099281e-05 0.32649493274883645 0.3269047011963952
176 2.8648697299816884e-05 0.32666005220521155 0.32708791708694979
177 2.653999023486069e-05 0.3266358664439723 0.32708160143131565
178 2.4586496003467599e-05 0.32675256852928802 0.32721607546618053
179 2.2776790058291491e-05 0.32667009244592399 0.32715134605845381
180 2.1100288763649719e-05 0.32662323578351782 0.32712122931308601
181 1.9547187499641868e-05 0.32680800450159952 0.32732405897891731
182 1.8108403322157414e-05 0.32679426805472139 0.32733289856614434
183 1.6775521843432948e-05 0.32680596849641064 0.32736693165848307
184 1.5540748022502524e-05 0.32673479863846117 0.32731843340864752
185 1.4396860577750734e-05 0.32677003489816336 0.32737572202499765
186 1.3337169754961166e-05 0.32681356697701325 0.32744008045178657
187 1.2355478203876697e-05 0.32693020080637314 0.32758046752806003
188 1.1446044734467477e-05 0.32671610800915607 0.32739479602859178
189 1.0603550740943713e-05 0.32668944790417198 0.327395899414683
190 9.8230690971520984e-06 0.32696953353816438 0.32770373128669655
191 9.1000353414479647e-06 0.32691065704856614 0.32767190604505858
192 8.4302209825247397e-06 0.32678153160095413 0.32756868642678122
193 7.8097087700861833e-06 0.32712267124699163 0.32794187731318286
194 7.2348697857377978e-06 0.32668597049291115 0.32754073108118964
195 6.7023422201189273e-06 0.32709208862483025 0.32798153047561934
196 6.2090117121586479e-06 0.32721526790412436 0.3281395174056711
197 5.7519931354742422e-06 0.32684091670881144 0.32779815158718439
198 5.3286137253943436e-06 0.32691134758543811 0.32790138219977072
199 4.9363974479291405e-06 0.32679724111659697 0.32782929243570519
200 4.5730505192732809e-06 0.32699866234602709 0.32807516571597189
201 4.2364479911557185e-06 0.32689571652427696 0.32801585132280042
202 3.924621323584114e-06 0.32684549929953088 0.32800856291972913
203 3.6357468723059245e-06 0.3270378604999179 0.32824117968863104
204 3.3681352236578413e-06 0.32711867396726074 0.32836461682572426
205 3.1202213144309638e-06 0.32702381937705838 0.32832335842026916
206 2.8905552789700938e-06 0.32670832121122484 0.32806315562220489
207 2.677793969978581e-06 0.32665565732948265 0.32806525186431534
208 2.4806931034401567e-06 0.32749129856080811 0.32895361280168522
209 2.2980999817191982e-06 0.32717856595501371 0.32869065608618325
210 2.1289467522822024e-06 0.32722773828277707 0.32879607664796423
211 1.9722441626157009e-06 0.32746357173300122 0.32909906567577013
212 1.8270757748177356e-06 0.32705273153222364 0.3287577631858824
213 1.6925926060283089e-06 0.32710762351737915 0.32888157272521035
214 1.5680081633546338e-06 0.32711628796056252 0.32895537418661497
215 1.4525938442541268e-06 0.32761590098005894 0.32951812365740102
216 1.3456746754753729e-06 0.32713698622760051 0.32911265718038163
217 1.2466253656372712e-06 0.32785956818367917 0.32991910040943956
218 1.1548666483608067e-06 0.32682399215110919 0.32897018024281377
219 1.0698618945671228e-06 0.32730295104338814 0.32953403785198404
220 9.9111397412972373e-07 0.32770500679960901 0.33001676730852908
221 9.1816234852692485e-07 0.32751026084949769 0.32990266658737216
222 8.5058037749161806e-07 0.32810723740683995 0.33059242168262182
223 7.8797282390693396e-07 0.32781986870872154 0.3304110850771278
224 7.2997354235577412e-07 0.3269946623201232 0.32969492416162288
225 6.7624333780624445e-07 0.3282893486294059 0.33109566308410332
226 6.2646798191002018e-07 0.3279844254618548 0.33089209617206894
227 5.8035637531243321e-07 0.32799376449010254 0.33100282061520797
228 5.3763884522698962e-07 0.32895488781711235 0.33208088391189622
229 4.9806556831808499e-07 0.32889827830089458 0.33215650225848975
230 4.614051096685226e-07 0.33005539982260712 0.33345053703234828
231 4.2744306928733156e-07 0.32923379373521866 0.33276091119868173
232 3.9598082824230798e-07 0.32943876018836649 0.33309270879935154
233 3.6683438708433265e-07 0.32963383084388159 0.33342106255960485
234 3.3983328977026557e-07 0.32910020994957384 0.33303626374956019
235 3.1481962679123563e-07 0.32860029662065032 0.33269924577761895
236 2.9164711167635835e-07 0.32948180332870108 0.33374998118707255
237 2.7018022547103219e-07 0.32877459353026817 0.33320774910623663
238 2.5029342418649826e-07 0.33171996863617603 0.33631597040960803
239 2.318704045856203e-07 0.33094730990048549 0.335712907192386
240 2.1480342401100711e-07 0.33127862698599975 0.3362342214930597
241 1.989926702776537e-07 0.33106153599287619 0.33622202246488858
242 1.8434567794506801e-07 0.33221341508664226 0.33758361285655458
243 1.7077678755508898e-07 0.33166801559496878 0.33724505762359053
244 1.5820664467287701e-07 0.33179464662170094 0.33757623292762817
245 1.4656173580133671e-07 0.33390504686618983 0.33990151019090009
246 1.3577395845487786e-07 0.33351489604963552 0.33974565092302639
247 1.257802228781925e-07 0.33431376272788094 0.34079712651316779
248 1.1652208308079569e-07 0.33535788597142469 0.34209798081282788
249 1.0794539502952235e-07 0.33394110487700973 0.34094266190518968
250 1.0000000000000051e-07 0.33536734686636926 0.34263590432607527
251 2.2204460492503244e-23 0.39750479995432969 0.4183185678752101
