0 20 0 0
1 16.520367181169423 0.013985605437533051 0.013987737223213118
2 13.646126590032987 0.014016009183616767 0.014018251805389525
3 11.271951093403217 0.014006955940605234 0.014009192112129743
4 9.310838545560264 0.012717733211313937 0.012719757935030765
5 7.6909235768620512 0.012530242432318277 0.012532234130491695
6 6.3528440726036983 0.011715279461018696 0.011717488906884968
7 5.2475658362064417 0.013188055275101663 0.013190361260241316
8 4.3345857210745384 0.015850289676555877 0.015852649245507541
9 3.5804473845202698 0.019089475659817657 0.019091879892091729
10 2.9575152732566279 0.020157159942523723 0.020159638889572177
11 2.4429619129058056 0.01471436911063775 0.01471699282076451
12 2.017931390540797 0.014070276633158863 0.014073094206775282
13 1.6668483759070878 0.02090776556655035 0.020910485960757442
14 1.3768473602660503 0.021072437528712913 0.021074602223445937
15 1.1373011972009504 0.027206088751071954 0.027208520446391101
16 0.93943166866716366 0.038717352171281659 0.03872004331402109
17 0.77598780540001189 0.028964418625582505 0.028967252338192834
18 0.64098017366590199 0.025224739580922237 0.025226682863190825
19 0.52946139124052216 0.029486308707758733 0.029488775104304445
20 0.4373448295773113 0.048894775612805114 0.048899631127271935
21 0.36125485847015737 0.05429641752058368 0.054299804834179885
22 0.29840314539541962 0.032191118677093906 0.032193540569201672
23 0.24648647649741087 0.034455501013963802 0.034457514182026548
24 0.20360235484649572 0.039290499794457139 0.039293920170853654
25 0.16817928305074295 0.04349493483556139 0.043499759695414267
26 0.13891917541320484 0.031097798333334738 0.031101871405344539
27 0.11474978931657136 0.027356953582562269 0.027360922797616163
28 0.094785432673579556 0.029221495451130151 0.029234352683207804
29 0.078294507559677373 0.04196480322222193 0.041974009771126891
30 0.064672700657735768 0.030864245976706072 0.03086750158381809
31 0.053420838073182604 0.03696580359289104 0.036986238263417112
32 0.04412659300473859 0.029402967410027618 0.029406177658096604
33 0.036449375944615177 0.034020223372930064 0.034025259551768994
34 0.03010785370647634 0.038735562174067137 0.0387451725074291
35 0.024869639913396094 0.035037174442488564 0.035043728143921302
36 0.020542779151638497 0.030261745245402857 0.030264488476681447
37 0.016968712725337003 0.031944727823799514 0.031948539403969661
38 0.014016468240717467 0.031619639032007089 0.031622591459600599
39 0.011577860095992617 0.031364247685852616 0.031366419168551103
40 0.0095635249979003738 0.031680925069977356 0.031684451625106157
41 0.0078996472255803349 0.033946930772261352 0.033954633385798134
42 0.0065252536384146718 0.033797879826119419 0.033804051846222267
43 0.0053899793028436057 0.033477919747613119 0.033510526907642932
44 0.0044522218590939975 0.032607379225650893 0.032613340792126376
45 0.0036776169942130794 0.034588551180774134 0.034593356506631048
46 0.0030377791548054345 0.044590650632373191 0.0446433223746074
47 0.0025092613526344143 0.072043519620113725 0.072085201926647691
48 0.0020726959449519186 0.040241197423800036 0.040774787783511728
49 0.0017120849032763309 0.033608854369249846 0.033623391903867247
50 0.0014142135623730961 0.032735967310663132 0.032744560997421603
51 0.0011681663661496596 0.032386426893778048 0.032397164264299026
52 0.00096492686487423891 0.032995463739391995 0.033036988179251103
53 0.00079704730553485387 0.03234142092132436 0.03234865483264833
54 0.00065837570740987579 0.032378002326156605 0.032385730205996853
55 0.00054383042147866569 0.03244444495260787 0.032453456555360104
56 0.00044921391235588416 0.03259084324712911 0.032601424470056366
57 0.00037105893875044328 0.033196760221510288 0.033216035922728655
58 0.00030650149570061888 0.039594739719207767 0.039720515580809572
59 0.00025317586252759222 0.035070781189121984 0.035098007924225044
60 0.00020912791051825479 0.03294177332027242 0.032961768298184514
61 0.00017274349347961559 0.032720109875749012 0.032738107289582825
62 0.00014268929702205977 0.032665458826090864 0.032684629388392908
63 0.00011786397898136859 0.032663190909179698 0.032683867602528359
64 9.735781051029222e-05 0.032653224388107971 0.032675886320599416
65 8.0419338879237148e-05 0.032662960511526486 0.032687785395759957
66 6.6427850337594574e-05 0.032651649024102967 0.032678906535993549
67 5.4870623931641577e-05 0.032667324145845056 0.032697381975339126
68 4.5324142740529047e-05 0.032661606623851029 0.032694535120495735
69 3.7438574012263716e-05 0.032656066405466692 0.032692466557414021
70 3.0924949471099193e-05 0.032667761823666007 0.032707675320723176
71 2.5544576016083489e-05 0.032666471327355423 0.03271059888824604
72 2.1100288763649661e-05 0.032671920428347073 0.032720452808208025
73 1.7429225900209788e-05 0.032669959550552408 0.032723260109871144
74 1.4396860577750694e-05 0.03269572122576362 0.032754629419735684
75 1.1892071150027221e-05 0.032688403727660284 0.032752911026866095
76 9.8230690971520696e-06 0.032656304258419332 0.0327276516382492
77 8.11403541654753e-06 0.032670302873659893 0.032748450876729111
78 6.7023422201189086e-06 0.032723606274405716 0.032809939408731448
79 5.5362577225109307e-06 0.032709060135723472 0.032803941903455071
80 4.5730505192732673e-06 0.032666442489574385 0.032770777480570785
81 3.7774236858215935e-06 0.032681055735179633 0.032796256455528722
82 3.1202213144309545e-06 0.032675321941296312 0.032801417769277301
83 2.5773600900455229e-06 0.032757762645587024 0.032897346369208325
84 2.1289467522821961e-06 0.032696610308493586 0.032849344979955966
85 1.7585491028430009e-06 0.032727940487676958 0.032896716679493621
86 1.4525938442541221e-06 0.032787321086468181 0.032972812099407077
87 1.1998691836092264e-06 0.03273974880406421 0.032943658109733868
88 9.9111397412972056e-07 0.032757289983541611 0.032982408521769285
89 8.186783385505517e-07 0.032736956044112531 0.032983353052102107
90 6.7624333780624212e-07 0.03277638425365887 0.033049023404126708
91 5.5858941221893542e-07 0.032843179199141426 0.033141746722928973
92 4.6140510966852091e-07 0.032787833423131407 0.033117140509654447
93 3.8112909154958553e-07 0.032941576997064841 0.033303856976533583
94 3.1481962679123447e-07 0.032969340664498095 0.033367228344323867
95 2.600467915214958e-07 0.033067497793505984 0.033506746942277621
96 2.1480342401100629e-07 0.032945114474951576 0.033426698350583144
97 1.7743157182171241e-07 0.033385615487697438 0.033917355425289786
98 1.4656173580133613e-07 0.033260658149811793 0.033844179239026058
99 1.2106268450738086e-07 0.03318243161439529 0.033824455432778171
100 1.0000000000000013e-07 0.033455463359133783 0.034162462001976326
101 2.2204460492503159e-23 0.039866422742603463 0.041694592782669126
