0 0 0
1 0.014065959368976665 0.014068042445921594
2 0.013930159319502214 0.013932356421990612
3 0.013870579433719509 0.013872814081452731
4 0.014129950427567598 0.014132200711754786
5 0.013843411701456502 0.013845689340303242
6 0.014125801018978179 0.014127996729020476
7 0.012924167709020915 0.012926243358304111
8 0.012550599049422382 0.012552572818409005
9 0.012464716574265263 0.012466674203370807
10 0.012695614946003946 0.012697640469231461
11 0.01271520707671079 0.012717368111337697
12 0.011478077502380906 0.011480335190297156
13 0.013082749288076461 0.013085035797591167
14 0.013657550922710451 0.013659876308084285
15 0.015463142103035229 0.015465499391415255
16 0.016306671526986862 0.016309033476722027
17 0.017101062336201532 0.017103438767202387
18 0.021693727911624296 0.02169615972379545
19 0.023433982277893201 0.023436440730235385
20 0.016879122818677362 0.016881621857895258
21 0.014461551297505809 0.014464130069581882
22 0.015291346713817688 0.01529401516975655
23 0.011984949827009577 0.011987716535095616
24 0.016603410636325661 0.016606278999719528
25 0.022310488166288413 0.022313419138425838
26 0.018072930253186743 0.018075373605498261
27 0.024744249814562601 0.024747039899058746
28 0.02109655720767839 0.021098553734718844
29 0.030743885921392593 0.030746073752425024
30 0.023785702419170839 0.023788256285904349
31 0.031903749086453298 0.031906748910845668
32 0.046105256707886677 0.046107823176696483
33 0.029288129678549747 0.029290717475551533
34 0.029558488990175966 0.02956270582222386
35 0.02434097032680552 0.024342772408495871
36 0.02588321913664287 0.025885285397122287
37 0.027085261884407023 0.027087596705727437
38 0.032248479828537825 0.032251411530048832
39 0.033990904625544952 0.033993956548106538
40 0.063333363596845882 0.06333774248320144
41 0.07095133551560992 0.070955683683322543
42 0.037669065704655051 0.037672208006832318
43 0.032324855841434484 0.032330816646469376
44 0.032313572234332934 0.032326257572283572
45 0.034247388133751396 0.034250200553099373
46 0.0347708266889298 0.034773742459369317
47 0.036211726636857199 0.036214480214627698
48 0.042131376477248142 0.042135471117357645
49 0.04673874347680991 0.046743374150181365
50 0.040426868169476451 0.040432652297260195
51 0.031474173809549116 0.031478602056812528
52 0.03100596267108836 0.031010668337583081
53 0.027062569610775036 0.02706625582543358
54 0.027997339687464162 0.02800184222315991
55 0.027710881769201286 0.02771255626547291
56 0.030736170920151889 0.030750560756705878
57 0.040906092914468332 0.040917572087596402
58 0.042872126727190291 0.042881490026511933
59 0.031866422779582078 0.031870470046629469
60 0.029631631732872088 0.029635694179848442
61 0.030749582205277844 0.030752772725213099
62 0.042607580456750678 0.04264099219785495
63 0.029418414934797056 0.029422260502019792
64 0.029435890064453581 0.029438094085199314
65 0.031560038447914503 0.031564125783807594
66 0.03650605122903107 0.036513710356600934
67 0.04405062401815843 0.044064447680154044
68 0.033492931769667701 0.033500390334328903
69 0.039038480263263682 0.039046698035354446
70 0.031206677938374301 0.031212404792741191
71 0.029888010795860794 0.029890671499640354
72 0.03063669333384899 0.030639791760050283
73 0.032028667964634598 0.032032536240717904
74 0.031839147745042921 0.031842534087455271
75 0.031747971658381904 0.031751683272119288
76 0.031870589801285001 0.031933366592225419
77 0.031367601452633467 0.031369911145340629
78 0.031396324940921823 0.031405594834297869
79 0.031749379449797936 0.03193534422208192
80 0.031820846201562378 0.031823230263277991
81 0.033354216959492769 0.033366946204212843
82 0.034184525835640411 0.034190088954788207
83 0.034660490143826335 0.034667232814676117
84 0.032940302966116976 0.032945474509833865
85 0.033389402233022891 0.033410008294076192
86 0.033334474426590897 0.033373272966063808
87 0.032405313698146782 0.032412828908778689
88 0.032806535185685812 0.032810189502155855
89 0.033705423258036271 0.033709286109369047
90 0.035466657018324146 0.035473209699572593
91 0.038387346101631664 0.038394337887193444
92 0.050642915514969772 0.050696389667651949
93 0.08415291563276743 0.084203355753291478
94 0.059938308682857128 0.059971499932850288
95 0.041710781265196582 0.041729542486672204
96 0.037605977953709194 0.038073015432225119
97 0.034044529699452569 0.034059767366781013
98 0.033085232538863509 0.033092005126533812
99 0.03276651757803329 0.032777161897534497
100 0.03270320067278245 0.032712249104371247
101 0.032453062889858969 0.032461010961965894
102 0.032318929844434477 0.032328827522313947
103 0.033456788515864415 0.033522404631037041
104 0.032463045833906377 0.03247152230858788
105 0.032343618706836323 0.032350831801373575
106 0.03234079562566991 0.032348021683778622
107 0.032360540069782312 0.03236806917512678
108 0.032388873022768702 0.032396798639872097
109 0.03241870828483958 0.032427172341590739
110 0.032463495517946521 0.032472926602138352
111 0.032536284575611044 0.032546196411954872
112 0.032641337153061889 0.032652583548834595
113 0.032853156965310999 0.032867280311124077
114 0.033534598567857649 0.033558899846886175
115 0.039088820987322047 0.039212236111892874
116 0.040067861143739315 0.040196467928573516
117 0.036344564964044035 0.036377382814527924
118 0.033792478690387567 0.03381390417638265
119 0.03305265402052654 0.033072018918888654
120 0.032834175382390383 0.032852834102597268
121 0.032739584368985115 0.032757410570405023
122 0.0327033689008858 0.03272153422421463
123 0.032672729108667066 0.032691554332785831
124 0.03265742464932396 0.032676938326508614
125 0.032652704823408832 0.03267298336581087
126 0.032649611044993337 0.032670681618491765
127 0.032654769610230519 0.032676880073851
128 0.032654931510180528 0.032678143386335963
129 0.032652288698116753 0.03267656995491458
130 0.032656723005746777 0.032682091064648061
131 0.032658832824394884 0.032685369774463915
132 0.032665204649825301 0.032693180435234517
133 0.032661266574247179 0.032690623425405956
134 0.032662678322219432 0.032693435261925509
135 0.03266741456377642 0.032699548984361705
136 0.032657807547654696 0.032691525615094891
137 0.032684746544988312 0.03272026187605246
138 0.03269108757714722 0.032728369545038473
139 0.032661077387413397 0.032700109368683644
140 0.032675990571346264 0.032716780578081535
141 0.032680664983768606 0.032723675750423203
142 0.032682401917614005 0.032727641207602617
143 0.03268715803942733 0.032734625321822849
144 0.032649474740164212 0.032699068248282379
145 0.032660860285073069 0.032712750502386777
146 0.032675093573609398 0.03272979703116629
147 0.032652500474722027 0.032710009287708522
148 0.03267959743189397 0.032739896904523259
149 0.032696789333177073 0.032759707713374782
150 0.032649234739386322 0.032715324634489978
151 0.032670118599266607 0.032739737459515895
152 0.03265042571751909 0.032723493742509102
153 0.032683959519556507 0.032760406229783177
154 0.032671452293319997 0.032751289522757222
155 0.032669452885756449 0.032753602865338967
156 0.032692520724588905 0.032781032567935221
157 0.032712167860227799 0.03280501489629857
158 0.032706144591159461 0.032803050107799797
159 0.032731904661439833 0.032833454695234437
160 0.032680247702317318 0.032787352413094668
161 0.032684296102280963 0.032796857928601118
162 0.03270240220923723 0.032820252424935262
163 0.032711525439156251 0.032834430102113808
164 0.032707618045838306 0.032836886539344072
165 0.032739064543594168 0.032875238655806389
166 0.032656165608006993 0.032799130320321696
167 0.032684293915088133 0.032833636851682349
168 0.032708921830166708 0.032865007511168672
169 0.03270490992493879 0.03286932822350018
170 0.032675554232283584 0.032848667890632129
171 0.032713083048537379 0.032894582936424041
172 0.032699627706696599 0.032889053463452604
173 0.03277706184099613 0.032975637841408091
174 0.032797037334465783 0.033006232952717027
175 0.032712479549056463 0.032932455194975431
176 0.032847810715268953 0.033077979948486547
177 0.032737264347604926 0.032977606261103763
178 0.032801753207404506 0.033054131135884013
179 0.032709899138885473 0.032975797184514127
180 0.032814879375780884 0.033094193203801171
181 0.032808349492751382 0.033100358812744549
182 0.032850928849292596 0.033156020166540033
183 0.032925280737119478 0.033246044297397324
184 0.03299091211188452 0.033328818367292311
185 0.032942404094446244 0.033296691629210028
186 0.032942066243319523 0.033312367781884761
187 0.03300235398658935 0.033390047065088746
188 0.032826670825495938 0.033234568304644413
189 0.032884499283718678 0.033313431696091425
190 0.033065806413776863 0.033515351613464903
191 0.032968008537610616 0.033438150532986044
192 0.032960765431557432 0.033454072036536574
193 0.033318884347621182 0.033837518144918109
194 0.032977202445780125 0.033522041811307281
195 0.033484070197988693 0.034054520008432378
196 0.033242437851302986 0.033839227061562893
197 0.033369331272291303 0.033995627651591184
198 0.033459947632713982 0.034117884702500309
199 0.033483623743434485 0.034173949407928728
200 0.033562547553052366 0.034285996619926651
201 0.040210754774030605 0.042039574952596366
