0 20 0 0
1 18.177110431072052 0.20941886185725359 0.20947769213640169
2 16.520367181169419 0.21856564886951549 0.21863986305567118
3 15.014626930698752 0.2257623773180357 0.22584803958314997
4 13.646126590032981 0.23656338112156003 0.23665436575004745
5 12.402357499170909 0.24677132765879092 0.24686356215573477
6 11.271951093403212 0.25617081175811468 0.25625979204501875
7 10.244574989921677 0.26826026268549419 0.26834214989169269
8 9.3108385455602587 0.28082293283366305 0.28089854472376735
9 8.462207022426556 0.29112244860712994 0.29119355529519336
10 7.6909235768620459 0.29704883827509776 0.29711995928637369
11 6.9899383586778532 0.30006519221667327 0.30014076788335198
12 6.352844072603693 0.30280673853470313 0.3028910703599853
13 5.7738174129549424 0.30477029029781039 0.30486733353921319
14 5.2475658362064364 0.30187173420217966 0.30198372386769212
15 4.7692791849522678 0.29814238897003686 0.29827285227036571
16 4.334585721074534 0.29469895039136096 0.29484794674460291
17 3.9395121662459944 0.28891304328901468 0.28908416196631576
18 3.5804473845202662 0.2824353629513347 0.28262946516923926
19 3.2541093750533987 0.27738570372064375 0.27760555311249802
20 2.9575152732566243 0.27281773128614906 0.27307225291085757
21 2.687954086178395 0.26557711371023024 0.26588029520736495
22 2.4429619129058024 0.26114830142245749 0.26152631420471606
23 2.2202994234895899 0.2596337188789738 0.26007489694143199
24 2.0179313905407943 0.2566892225976487 0.25718379120394452
25 1.8340080864093402 0.25201365994175778 0.25255675370860203
26 1.6668483759070856 0.24993420071925052 0.25053175427386515
27 1.5149243500358096 0.24819934873850413 0.24887962034199188
28 1.3768473602660483 0.25273798332108921 0.25355050874189283
29 1.2513553257143002 0.25772507540736123 0.25865929472594062
30 1.1373011972009486 0.26494672992041679 0.2659502671111541
31 1.0336424727456048 0.28478385255970523 0.2858673663112174
32 0.9394316686671621 0.29668741853511166 0.29784714704164911
33 0.85380765919046486 0.31038141212172188 0.31160250976535331
34 0.77598780540001056 0.31733140641557006 0.31857066255600447
35 0.70526080159606208 0.31715562229916278 0.31840647479360584
36 0.64098017366590088 0.32373186667326215 0.32500372245474402
37 0.5825583700426411 0.360085293225193 0.36138987073654288
38 0.52946139124052116 0.3507258312569399 0.35206022440369644
39 0.48120390887839992 0.37698508018586568 0.37834657378467446
40 0.43734482957731041 0.4037550702222471 0.40514119148547312
41 0.39748326318425792 0.37634316184169647 0.37775178863487768
42 0.36125485847015659 0.39366530280913176 0.39512081038130231
43 0.32832847280866706 0.42247391624020064 0.42399193894775616
44 0.29840314539541896 0.42933197499268311 0.43090686845825876
45 0.27120534634158899 0.43408202710616994 0.43572608263216073
46 0.24648647649741029 0.45436872812955026 0.45608929728956854
47 0.22402059515296363 0.47963981918125664 0.48142992953369945
48 0.20360235484649522 0.47890577087122821 0.4807590825876577
49 0.18504512440355309 0.50335252930082308 0.50527235778835977
50 0.16817928305074251 0.49953593735789137 0.50153352120141836
51 0.15285067001159355 0.48994232665104465 0.49201103222384601
52 0.13891917541320448 0.50060073385969928 0.50273408136711273
53 0.12625745962396437 0.5906140519951828 0.5928061475497558
54 0.11474978931657107 0.45183055932437755 0.45407605104400622
55 0.10429097961747821 0.56658529388763534 0.56887931424116889
56 0.094785432673579306 0.54991290317525565 0.55248582648181599
57 0.086146263848229807 0.57903375383458489 0.58285114107965896
58 0.078294507559677165 0.72325864701400977 0.72602166459303907
59 0.071158395502932875 0.80249927783482189 0.80555744277789887
60 0.064672700657735588 0.67471056500354576 0.67886302071956695
61 0.058778141086566295 0.45719027817185715 0.45994316563448001
62 0.053420838073182451 0.98295711488402948 0.98571376014325196
63 0.048551823648832787 0.37849450208816721 0.37978578967543158
64 0.044126593004738458 0.54120084954681025 0.54757152929303099
65 0.040104697699705122 0.6358047345550788 0.63806606667191879
66 0.036449375944615066 0.56690820439608691 0.57024818425508228
67 0.033127216584446464 0.88047977303726388 0.88300961998057637
68 0.030107853706476246 0.56586431678510352 0.57419921130602025
69 0.027363689083259035 0.71634738468538772 0.72176444302223164
70 0.024869639913396014 1.208482885699228 1.2159538098610692
71 0.022602909554339828 0.75945850271872317 0.76603258389828366
72 0.020542779151638432 0.87386272104083418 0.87911645518603176
73 0.01867041826002282 0.5810135008877374 0.58340183493358011
74 0.016968712725336947 1.174302980531051 1.177518959242924
75 0.015422108254079364 0.54991909009454754 0.5572978836032445
76 0.014016468240717421 0.53903328848993892 0.54484638470713864
77 0.012738944553256738 1.3855652903862026 1.3954540996448899
78 0.011577860095992577 0.38307534600904969 0.38444256614931577
79 0.010522602076017977 1.2655209273731129 1.2710848859895132
80 0.0095635249979003408 1.4281595129935234 1.4436960815473332
81 0.0086918624998576308 1.2922611484250917 1.3044849565694332
82 0.0078996472255803071 3.1508157965010017 3.1972692810054073
83 0.0071796379992942602 1.1160053837016908 1.137751097262411
84 0.0065252536384146484 0.30818678425155926 0.31153063958034932
85 0.0059305127988108879 0.77556491750002299 0.78354340595466643
86 0.0053899793028435849 1.6579813481076857 1.6808455656162502
87 0.00489871245044903 1.1702261947633597 1.1870964125667693
88 0.0044522218590939801 0.92131199487074666 0.94769996283215852
89 0.0040464264198192094 0.42345005783681133 0.4397145253318101
90 0.0036776169942130646 0.88816473245921645 0.90140795852738553
91 0.0033424225113499071 0.36842599017415611 0.37190740222590107
92 0.003037779154805422 0.43046939533829792 0.43217714074966834
93 0.002760902358105344 0.54991836000114391 0.55092315477595766
94 0.0025092613526344035 2.7256371603935916 2.8662428149800512
95 0.0022805560353628389 0.53597632916438231 0.54195347099759728
96 0.0020726959449519091 2.5444927261915189 2.5684471504622914
97 0.0018837811540713045 6.9395597772006905 7.0383117915413624
98 0.0017120849032763229 0.40656575382875965 0.41011381549997433
99 0.0015560378177112517 0.37270273205083254 0.37412096507005288
100 0.0014142135623730894 0.39202649259386046 0.39294755955426658
101 0.0012853158048187724 0.40670439734357511 0.41792662860813951
102 0.0011681663661496538 0.42797616520089182 0.42863244726260091
103 0.0010616944519683204 0.45293699280471028 0.45357940205413483
104 0.00096492686487423414 0.47044354770814728 0.4930053636043723
105 0.00087697910903635466 0.48658170213284718 0.48734125965180702
106 0.00079704730553484986 0.51398021962098406 0.51995828692062229
107 0.00072440084457476965 0.52925750952190265 0.53048870784517099
108 0.00065837570740987254 0.57592263670331911 0.57831108898105665
109 0.00059836839693622179 0.68069764830461921 0.72166753828342189
110 0.00054383042147866298 3.4845709082638683 5.2127320851968273
111 0.00049426328134970579 0.46082783045759906 0.46838212109623223
112 0.00044921391235588188 0.51039616576018876 0.5131955491561675
113 0.00040827054460333933 0.53016641054110858 0.53213709530983699
114 0.00037105893875044132 0.5473414400032719 0.55225949539075392
115 0.00033723896530515863 0.56295308389019172 0.56459118843593836
116 0.00030650149570061726 0.57714777899123393 0.57879369574725847
117 0.00027856557673194376 0.59001531495804671 0.59174743048901579
118 0.00025317586252759087 0.6021654830327875 0.60407090631211768
119 0.0002301002805822968 0.63766039697317833 0.7384892010099835
120 0.00020912791051825365 0.59525345441941402 0.66686493814976822
121 0.00019006705618548257 0.61370055299290371 0.61604477042628181
122 0.00017274349347961464 0.61821116960084943 0.62059692078915774
123 0.00015699887786140652 0.62234569891338909 0.62488538261300763
124 0.00014268929702205898 0.62609898612211046 0.62878664097866488
125 0.00012968395546510033 0.62956729517034038 0.63247874537809412
126 0.00011786397898136794 0.6326282052548462 0.63576778284798185
127 0.00010712132808949402 0.63546765094618596 0.63881458736046337
128 9.7357810510291664e-05 0.6379339278919619 0.64152235106494326
129 8.848418364864794e-05 0.64037868323702785 0.64426886626705648
130 8.0419338879236674e-05 0.64250040014922394 0.64666620480812786
131 7.3089560180084561e-05 0.64434055390991463 0.64876306582605425
132 6.6427850337594181e-05 0.64613495787530539 0.65090017385330057
133 6.0373318564258814e-05 0.6477820454166977 0.65290241337101129
134 5.4870623931641245e-05 0.64911880833625679 0.65456176261050958
135 4.9869469531363395e-05 0.65056821495374062 0.65634161990860518
136 4.532414274052877e-05 0.65165230033969401 0.65786555640228417
137 4.1193097389413208e-05 0.65279113923853427 0.6594165858107357
138 3.7438574012263485e-05 0.65381775246008411 0.66081811053568873
139 3.4026254710138881e-05 0.65464773303500756 0.66207851527765638
140 3.0924949471099003e-05 0.65540658524075124 0.66338090132001126
141 2.8106311080574493e-05 0.65626223679905626 0.66473418180917543
142 2.554457601608333e-05 0.65680239725263012 0.66572681709918746
143 2.3216328957963062e-05 0.65745652186088532 0.66682532962037078
144 2.1100288763649525e-05 0.65799829953104816 0.66800069111993909
145 1.9177113949218309e-05 0.65859566759529642 0.66921661410125233
146 1.7429225900209673e-05 0.65918053286274536 0.67036344643532009
147 1.5840648195810622e-05 0.65934107349668469 0.67105163757985475
148 1.4396860577750597e-05 0.6598191898556176 0.67227660021656954
149 1.308466622912602e-05 0.660041732517896 0.67327493609064126
150 1.189207115002714e-05 0.66051254697341544 0.67445106468184468
151 1.0808174527410467e-05 0.66065030306638262 0.67522934706416526
152 9.8230690971520018e-06 0.66090932077013709 0.67619386125851699
153 8.9277505875491585e-06 0.66156091648831272 0.67782721371548327
154 8.1140354165474724e-06 0.6613200376375431 0.67850701781922063
155 7.3744858904106565e-06 0.66161312305149012 0.67963550577683374
156 6.7023422201188603e-06 0.66185910052432106 0.68064815072385976
157 6.0914607340968575e-06 0.66198471899919487 0.68181169706390177
158 5.53625772251089e-06 0.66229426933844793 0.68331147791510971
159 5.0316583998477953e-06 0.66208259201370578 0.68418624061443734
160 4.5730505192732334e-06 0.66226396801151932 0.68535302123262165
161 4.1562422147850481e-06 0.6620341096685407 0.68614043940979286
162 3.7774236858215655e-06 0.66288312919796932 0.6884630977254047
163 3.4331323741062909e-06 0.66295205384701483 0.68995828472057352
164 3.1202213144309308e-06 0.66300481880843187 0.69130921784622079
165 2.8358303700897913e-06 0.66279881634125226 0.69227750390766352
166 2.577360090045503e-06 0.66224531178456247 0.69312319021137825
167 2.3424479488697458e-06 0.66313892583670497 0.69581780140145255
168 2.1289467522821795e-06 0.6631970432073091 0.69754685942381744
169 1.9349050109052686e-06 0.66305005951085116 0.69891648555022867
170 1.7585491028429871e-06 0.66276175064450982 0.70027919645571035
171 1.5982670620419829e-06 0.66356870554254366 0.70333234114007004
172 1.4525938442541105e-06 0.66299731276920559 0.70489580869392532
173 1.3201979359251223e-06 0.66377588502474727 0.70761603679111307
174 1.1998691836092167e-06 0.6634297809610552 0.70905370967774883
175 1.09050773266525e-06 0.66321268360182262 0.71108860376279026
176 9.9111397412971251e-07 0.66261462403720728 0.71326214789082587
177 9.0077940787672364e-07 0.66356971511684948 0.71676833232276638
178 8.1867833855054503e-07 0.6633869054715722 0.71888823691697601
179 7.4406032836799249e-07 0.66364331774016205 0.72158356613836894
180 6.7624333780623662e-07 0.66314798062347879 0.72436917054094196
181 6.1460749147903628e-07 0.66319800562344344 0.72765758193003138
182 5.5858941221893087e-07 0.66390316442813602 0.73132280333385236
183 5.0767707157655677e-07 0.66387645994017563 0.73414702613617133
184 4.6140510966851715e-07 0.66357313000134732 0.73761655701802398
185 4.1935058159527733e-07 0.6629968203566281 0.74116006435942905
186 3.8112909154958236e-07 0.66356754091744652 0.74555122086426684
187 3.4639127927954644e-07 0.66447314136450775 0.74996261586640522
188 3.1481962679123182e-07 0.66372831960109224 0.75313557601728331
189 2.8612555610265553e-07 0.66365228754030015 0.75810906629390606
190 2.6004679152149358e-07 0.66385036085731919 0.76329412111360295
191 2.3634496233660802e-07 0.6655117922123287 0.76953478833002165
192 2.1480342401100444e-07 0.6634562408589928 0.77190397573705405
193 1.9522527796102108e-07 0.66378324760443519 0.77764288640099821
194 1.7743157182171085e-07 0.66537048437040069 0.78553934758389754
195 1.6125966374809651e-07 0.66358411726517275 0.78985023781827557
196 1.4656173580133484e-07 0.66438085886139786 0.79617625518269897
197 1.3320344283152348e-07 0.66501383996015528 0.80286048027206069
198 1.2106268450737975e-07 0.66438191815669279 0.8094110952722926
199 1.1002848926863386e-07 0.66597592861891675 0.81877352139773718
200 9.9999999999999201e-08 0.66425076336350497 0.82456166103485184
201 2.2204460492502953e-23 0.66235384850795798 1.1216854540466601
