0 20 0 0
1 18.177110431072052 0.014060433742585284 0.014062527493922033
2 16.520367181169419 0.013934857060249141 0.01393705416696394
3 15.014626930698752 0.013866618774279816 0.013868853415832104
4 13.646126590032981 0.01413208140991965 0.014134331570192149
5 12.402357499170909 0.013841752891915013 0.013844030668587229
6 11.271951093403212 0.014127201986124355 0.014129397687721871
7 10.244574989921677 0.012928747892166659 0.012930823539005751
8 9.3108385455602587 0.012557332597635406 0.012559306301582255
9 8.462207022426556 0.012423567920571978 0.012425525513113898
10 7.6909235768620459 0.012716012525075072 0.012718037981246553
11 6.9899383586778532 0.012663312140962913 0.01266547314697869
12 6.352844072603693 0.011615377802294874 0.011617635566318516
13 5.7738174129549424 0.012979254785723626 0.012981541274106178
14 5.2475658362064364 0.013589881050669094 0.013592206413834084
15 4.7692791849522678 0.015385712953991224 0.015388070289460121
16 4.334585721074534 0.016190309967885216 0.016192671925689926
17 3.9395121662459944 0.017139233188579323 0.017141609539673273
18 3.5804473845202662 0.021682310851572316 0.02168474268934913
19 3.2541093750533987 0.023439341461403501 0.02344179991991592
20 2.9575152732566243 0.017071892831441268 0.017074391774649613
21 2.687954086178395 0.014604151256384434 0.01460672997234508
22 2.4429619129058024 0.015307286031401267 0.015309954468480698
23 2.2202994234895899 0.011962117877550462 0.011964884543956153
24 2.0179313905407943 0.016458694714580634 0.016461563108463178
25 1.8340080864093402 0.022083035371977328 0.022085973665086783
26 1.6668483759070856 0.017793987075819622 0.017796445295431108
27 1.5149243500358096 0.023183642066169213 0.023187181735695523
28 1.3768473602660483 0.021408853055186316 0.02141096388278595
29 1.2513553257143002 0.030779104148707402 0.030781087081178781
30 1.1373011972009486 0.023711388371104723 0.023714006611097363
31 1.0336424727456048 0.031567522484613572 0.031569997766827583
32 0.9394316686671621 0.046283021344870695 0.046285835970516304
33 0.85380765919046486 0.02931529239512265 0.029318128119214023
34 0.77598780540001056 0.029505901295087376 0.029510049729563122
35 0.70526080159606208 0.024522047876931411 0.02452504904249047
36 0.64098017366590088 0.025841455645400784 0.025843448291896533
37 0.5825583700426411 0.027214051933931383 0.027220870574240906
38 0.52946139124052116 0.03240623588189865 0.032410047930612293
39 0.48120390887839992 0.033812633376321087 0.033814973875707123
40 0.43734482957731041 0.063286473246709288 0.063290247840109601
41 0.39748326318425792 0.071145285714880824 0.071149693341075237
42 0.36125485847015659 0.03759558499543858 0.037598282730644021
43 0.32832847280866706 0.032186927276972928 0.032190789470585422
44 0.29840314539541896 0.032376111037583422 0.032384045410289108
45 0.27120534634158899 0.034164229209642814 0.034166873392057089
46 0.24648647649741029 0.034863307056811031 0.034866237803282976
47 0.22402059515296363 0.036227570731293339 0.036230292822242223
48 0.20360235484649522 0.04226270911244822 0.042266880111159359
49 0.18504512440355309 0.046733926724706408 0.046738322351955033
50 0.16817928305074251 0.040418960308262433 0.040424705033176939
51 0.15285067001159355 0.031462236315202154 0.031466697030929129
52 0.13891917541320448 0.030853772768604858 0.030857968047012897
53 0.12625745962396437 0.026934849897581808 0.026938307427307837
54 0.11474978931657107 0.027967233849307507 0.027971585513614311
55 0.10429097961747821 0.027709470813376543 0.027711107877718053
56 0.094785432673579306 0.030678564318563896 0.030689812565203065
57 0.086146263848229807 0.040469673757994221 0.040478626971315372
58 0.078294507559677165 0.042870669520753198 0.042879786657218741
59 0.071158395502932875 0.03187207783079167 0.031876377631804634
60 0.064672700657735588 0.029624801581966995 0.029632232223684253
61 0.058778141086566295 0.030719394756377322 0.030722072034237879
62 0.053420838073182451 0.04307541624913535 0.043110527903017164
63 0.048551823648832787 0.029649204964663504 0.029657680125815086
64 0.044126593004738458 0.029559661221138653 0.02956746585100983
65 0.040104697699705122 0.031560257884083509 0.031564086942425677
66 0.036449375944615066 0.036672141945427082 0.036698074898667506
67 0.033127216584446464 0.044084660864318261 0.04409928996544886
68 0.030107853706476246 0.033457099959930833 0.033479204892712826
69 0.027363689083259035 0.039068629457463228 0.03907686767996732
70 0.024869639913396014 0.031153618873610938 0.031159503391165754
71 0.022602909554339828 0.02989404334144076 0.029896538138147705
72 0.020542779151638432 0.030639494176628972 0.030643473246815007
73 0.01867041826002282 0.032193285380112298 0.032206739251991134
74 0.016968712725336947 0.031831464830749119 0.031834404618887327
75 0.015422108254079364 0.031751733554823046 0.031755500717201582
76 0.014016468240717421 0.031715082105247185 0.031747732246494485
77 0.012738944553256738 0.031366365446351747 0.031368595114790732
78 0.011577860095992577 0.031399845383227314 0.031403626241023483
79 0.010522602076017977 0.031692453601958999 0.031757129458004608
80 0.0095635249979003408 0.031816272687048668 0.031818653366278912
81 0.0086918624998576308 0.033267585180261884 0.033275653238409003
82 0.0078996472255803071 0.034179788814090152 0.034185287055825041
83 0.0071796379992942602 0.034665769737551685 0.034672533978836677
84 0.0065252536384146484 0.032937740101688311 0.032942785841403421
85 0.0059305127988108879 0.033280866592216685 0.033298713716092589
86 0.0053899793028435849 0.035724211698111602 0.0358468176268378
87 0.00489871245044903 0.032411733268432018 0.032426056054999389
88 0.0044522218590939801 0.032806355364443054 0.032809900847966658
89 0.0040464264198192094 0.03370564993069327 0.033709915236060373
90 0.0036776169942130646 0.035468139305961134 0.035474351116401154
91 0.0033424225113499071 0.038379722299303518 0.038386712336122931
92 0.003037779154805422 0.050645117719064617 0.050681878396580775
93 0.002760902358105344 0.084203250949023284 0.084258230106816379
94 0.0025092613526344035 0.0599002858675729 0.059933458518634283
95 0.0022805560353628389 0.04170589898749838 0.041724408021075333
96 0.0020726959449519091 0.036861097710566788 0.037144772036493925
97 0.0018837811540713045 0.034011628416409236 0.034024294134985547
98 0.0017120849032763229 0.03308056769449165 0.03308799821818377
99 0.0015560378177112517 0.032768269630555187 0.032777071138058701
100 0.0014142135623730894 0.032702439312219188 0.032710487314163636
101 0.0012853158048187724 0.032454604152084295 0.03246209218927075
102 0.0011681663661496538 0.032317334564930765 0.032326535891390999
103 0.0010616944519683204 0.033510053867973316 0.034175266798717102
104 0.00096492686487423414 0.032463686787496136 0.032472150905748537
105 0.00087697910903635466 0.032345950210273575 0.032353749523935084
106 0.00079704730553484986 0.032342866203930988 0.032350092362778339
107 0.00072440084457476965 0.03236138873425929 0.032368917777707992
108 0.00065837570740987254 0.032391029574885377 0.032398954817007337
109 0.00059836839693622179 0.032418346170633897 0.032426809629748601
110 0.00054383042147866298 0.032462149685269101 0.032471857230415499
111 0.00049426328134970579 0.032536197538198856 0.032546108677515374
112 0.00044921391235588188 0.032640077064576389 0.032651321982760412
113 0.00040827054460333933 0.032848920776385321 0.032863041602111162
114 0.00037105893875044132 0.033530287123689086 0.033554535881952383
115 0.00033723896530515863 0.03909234982470948 0.039217895194421593
116 0.00030650149570061726 0.0400754975065254 0.040203989403290105
117 0.00027856557673194376 0.036349816280165294 0.036382607916037951
118 0.00025317586252759087 0.033786522429253722 0.033807941672424673
119 0.0002301002805822968 0.033050644023282207 0.033069650558715191
120 0.00020912791051825365 0.03282983814000566 0.032848174682019456
121 0.00019006705618548257 0.032739655663176215 0.032757479382294119
122 0.00017274349347961464 0.032701309496280903 0.032719476669126175
123 0.00015699887786140652 0.032676942324766388 0.032695767278903352
124 0.00014268929702205898 0.032650096778381217 0.032669610650812746
125 0.00012968395546510033 0.032656507533338895 0.032676785849002528
126 0.00011786397898136794 0.032659391451807414 0.032680462853620779
127 0.00010712132808949402 0.032651484357568726 0.032673594799225568
128 9.7357810510291664e-05 0.032655834305843609 0.032679046049638498
129 8.848418364864794e-05 0.03265560994384592 0.032679890761399058
130 8.0419338879236674e-05 0.032658448285778449 0.032683815310856248
131 7.3089560180084561e-05 0.032661779510957709 0.032688315045099468
132 6.6427850337594181e-05 0.032658780766769362 0.032686756471847871
133 6.0373318564258814e-05 0.032669338866000062 0.032698695264734928
134 5.4870623931641245e-05 0.032658464826315514 0.032689221956451603
135 4.9869469531363395e-05 0.032657814522043957 0.032689948354326821
136 4.532414274052877e-05 0.03265961643534776 0.0326933346159234
137 4.1193097389413208e-05 0.032662001495348848 0.032697517683964353
138 3.7438574012263485e-05 0.032659337623824815 0.032696620113893904
139 3.4026254710138881e-05 0.032675452238995484 0.03271448489585483
140 3.0924949471099003e-05 0.0326732259733837 0.032714014115647984
141 2.8106311080574493e-05 0.032663794772283768 0.032706801536481526
142 2.554457601608333e-05 0.032682427125120289 0.032727666495121016
143 2.3216328957963062e-05 0.03266681884905364 0.032714284880958067
144 2.1100288763649525e-05 0.032657908877477923 0.032707502711814322
145 1.9177113949218309e-05 0.032684289769402318 0.032736177207673661
146 1.7429225900209673e-05 0.032675393081063674 0.032730096918120628
147 1.5840648195810622e-05 0.032665943738130185 0.032723455269989321
148 1.4396860577750597e-05 0.032648160779588938 0.032708460641229488
149 1.308466622912602e-05 0.032687122678042337 0.032750041665216868
150 1.189207115002714e-05 0.032682331520574787 0.032748423015545619
151 1.0808174527410467e-05 0.03267690278838245 0.032746516387419537
152 9.8230690971520018e-06 0.032700933408219675 0.032774002421379164
153 8.9277505875491585e-06 0.032689195844045178 0.032765643763355896
154 8.1140354165474724e-06 0.032686858770302488 0.032766694703974149
155 7.3744858904106565e-06 0.032685127843136937 0.032769274138180135
156 6.7023422201188603e-06 0.032683872095269316 0.032772383582050521
157 6.0914607340968575e-06 0.032668611694821818 0.032761456678209594
158 5.53625772251089e-06 0.032689148936501475 0.03278605237772865
159 5.0316583998477953e-06 0.032661775391430919 0.032763332899373901
160 4.5730505192732334e-06 0.032680498635492945 0.032787599988833779
161 4.1562422147850481e-06 0.03270828363944326 0.03282084860576219
162 3.7774236858215655e-06 0.032697962359275724 0.0328158041324886
163 3.4331323741062909e-06 0.032679329696610943 0.032802225957287781
164 3.1202213144309308e-06 0.032722922309947583 0.032852189641631696
165 2.8358303700897913e-06 0.032706338550392768 0.032842510780358762
166 2.577360090045503e-06 0.032705458363580964 0.032848433011652065
167 2.3424479488697458e-06 0.032720662609444534 0.032870019259317554
168 2.1289467522821795e-06 0.032766556789236748 0.03292263561268978
169 1.9349050109052686e-06 0.032747301915116427 0.032911709342640733
170 1.7585491028429871e-06 0.032734760994794034 0.032907874114286279
171 1.5982670620419829e-06 0.032694308320396041 0.03287579668292942
172 1.4525938442541105e-06 0.032739238978641838 0.032928696257741488
173 1.3201979359251223e-06 0.032715475934356586 0.032914070911881269
174 1.1998691836092167e-06 0.032746782650040697 0.03295598781954269
175 1.09050773266525e-06 0.032767487760426831 0.032987455510310411
176 9.9111397412971251e-07 0.032816795499832602 0.033046988158717143
177 9.0077940787672364e-07 0.032743669257448725 0.032984052699727921
178 8.1867833855054503e-07 0.032765406910437528 0.033017790710338286
179 7.4406032836799249e-07 0.032747736330560426 0.033013648836327694
180 6.7624333780623662e-07 0.032829135122712273 0.033108465541913358
181 6.1460749147903628e-07 0.03277164167916316 0.033063598796078598
182 5.5858941221893087e-07 0.032786963343860435 0.033092048534379637
183 5.0767707157655677e-07 0.032834438008170708 0.033155232733808042
184 4.6140510966851715e-07 0.032810871614500657 0.033148660497175526
185 4.1935058159527733e-07 0.032813090217836544 0.033167350492530466
186 3.8112909154958236e-07 0.032822733475492007 0.033193015446571481
187 3.4639127927954644e-07 0.032966528645761939 0.033354419885884563
188 3.1481962679123182e-07 0.032936313745504514 0.033344257040465917
189 2.8612555610265553e-07 0.032994947180131837 0.033423860272751148
190 2.6004679152149358e-07 0.033027520748877867 0.03347683819580121
191 2.3634496233660802e-07 0.03309226345950015 0.033562314559869313
192 2.1480342401100444e-07 0.033151940368374891 0.033644927568623244
193 1.9522527796102108e-07 0.033185840005192008 0.033704535068986852
194 1.7743157182171085e-07 0.033037556633834418 0.033582379598909383
195 1.6125966374809651e-07 0.033074082014020824 0.033644543476920301
196 1.4656173580133484e-07 0.033244000610191067 0.033840955906435398
197 1.3320344283152348e-07 0.033393101800105594 0.034019331398467523
198 1.2106268450737975e-07 0.033529566269103889 0.034187548167862333
199 1.1002848926863386e-07 0.033460386234979787 0.034150707080172697
200 9.9999999999999201e-08 0.033478948018016687 0.03420240942492752
201 2.2204460492502953e-23 0.038575513613422589 0.040318332540268377
