0 20 0 0
1 17.607179659450953 0.014041565186700463 0.014043678720246484
2 15.500638778009169 0.013835010565214932 0.013837228222095663
3 13.646126590032985 0.014118047005038938 0.014120296148759171
4 12.013490126316078 0.013784249465026776 0.01378651741137289
5 10.576183949554366 0.013743554777264589 0.01374568909339915
6 9.310838545560264 0.012560146118928039 0.012562135981644743
7 8.1968803525910285 0.012573290437882094 0.012575253922601481
8 7.2161972507546954 0.012759550776807229 0.012761645065502009
9 6.3528440726036983 0.011749366318431475 0.01175160992938473
10 5.5927833467405694 0.013819405336407624 0.013821697116683795
11 4.9236570591223288 0.013857858184874691 0.013860204354178774
12 4.3345857210745384 0.016197972260552976 0.016200332659465137
13 3.8159914770125076 0.017689306414818272 0.017691692828235527
14 3.3594423757346412 0.02339824842053204 0.02340069581588235
15 2.9575152732566279 0.01883939822177581 0.018841888604221063
16 2.6036751380899812 0.014646784878862583 0.014649377682169075
17 2.2921687965598037 0.012964489279141761 0.012967207246876717
18 2.0179313905407974 0.015725915506476274 0.015728766412141954
19 1.7765040266848753 0.021003970736794744 0.021006920321379401
20 1.5639612781789325 0.020204229826648799 0.020206865256058013
21 1.3768473602660507 0.020739073036105019 0.02074114368234237
22 1.2121199417922572 0.028815392352947139 0.028817520562325151
23 1.0671006791969753 0.026129802446504542 0.026132357783680192
24 0.93943166866716399 0.044125381011123718 0.044127962857049272
25 0.82703710840002786 0.029240313971599298 0.029243033535944624
26 0.72808954763160516 0.027142152273287982 0.02714575235499447
27 0.64098017366590221 0.025600948469572705 0.025603513757453612
28 0.56429265379408067 0.028960129060611829 0.028964545135084493
29 0.4967801067930368 0.03190384597687692 0.031908902057119048
30 0.43734482957731152 0.056961609878415163 0.056967682582025808
31 0.38502044937498414 0.063689550528755579 0.063693466305135157
32 0.33895621123539432 0.033649510767193108 0.033652850299543617
33 0.29840314539541979 0.032482278717019718 0.032485027090542587
34 0.26270188959612101 0.033866419109864931 0.033868641944141256
35 0.23127196834980759 0.035634744560925122 0.035636926516369509
36 0.20360235484649586 0.040842376919226396 0.040845535921718287
37 0.17924316204347684 0.046334380179131676 0.046338813473922817
38 0.15779832784137884 0.035029100383185754 0.035034768756471497
39 0.13891917541320492 0.030914913739659822 0.030923612030340473
40 0.12229874398215403 0.026616692517264815 0.026620001522905147
41 0.1076667978709491 0.028179521363378805 0.028182625600918648
42 0.094785432673579612 0.030103830096875419 0.030121644198889002
43 0.083445207109125438 0.042983240609538474 0.042994124472991606
44 0.073461737664523269 0.036480647689748805 0.036500502982388709
45 0.06467270065773581 0.029693782749031228 0.029708028319039816
46 0.056935192977132315 0.031981692105704715 0.031987298075416316
47 0.05012340858469394 0.038241642292483634 0.038268202783121368
48 0.044126593004738625 0.029227836747954788 0.029230005098275769
49 0.03884724253969523 0.032144571318379327 0.032152837754344542
50 0.034199518933533984 0.042148763349955924 0.042163482361636216
51 0.030107853706476367 0.035073594980817809 0.035081440765583782
52 0.026505719468519786 0.03771881807674532 0.037727063904276041
53 0.023334548234261735 0.02982193717935952 0.029825265515008255
54 0.020542779151638518 0.030531674937052607 0.030534519280743806
55 0.018085020161366143 0.031995182520839105 0.032005302048666466
56 0.015921309956298316 0.031816192642637298 0.031819775207645097
57 0.014016468240717483 0.031539077485962679 0.031543815879868042
58 0.012339523725265058 0.031365943903012651 0.031369286901709134
59 0.010863210557139969 0.03145804143931176 0.031462111659291879
60 0.0095635249979003859 0.031762569894956225 0.031765125788116182
61 0.0084193351407841205 0.033327632131280191 0.033335636108858889
62 0.00741203732184574 0.034752874789223315 0.034759323052890569
63 0.0065252536384146813 0.03321952337986657 0.033231327127303853
64 0.0057445656567526654 0.034844376189279047 0.03491530016246782
65 0.0050572799791978014 0.03243999025995175 0.032444940283397082
66 0.0044522218590940035 0.032730496743775171 0.032737228947196252
67 0.0039195535078401424 0.034029868158113312 0.034034235639967027
68 0.0034506141398686296 0.036567127337225301 0.036573123011663981
69 0.0030377791548054389 0.048046368034074007 0.04807982218162208
70 0.0026743361672197214 0.081304268061520163 0.081353328939380895
71 0.0023543758683002552 0.048193855597922934 0.04821705119525125
72 0.0020726959449519217 0.037657778323386806 0.037908795152349517
73 0.0018247164941091974 0.033830565255459633 0.033842503357567916
74 0.0016064055569672058 0.032884877418728684 0.032892974371277639
75 0.0014142135623730983 0.032713217412492723 0.032721190408455385
76 0.0012450156134767643 0.032425735400345497 0.032433590024685412
77 0.0010960606792653467 0.032746882427853244 0.032888318710427501
78 0.00096492686487424043 0.032847159279729685 0.032863841992860576
79 0.00084948203340357519 0.032343089873587576 0.032350438518708197
80 0.00074784913898062321 0.032350095454141317 0.032357462667866384
81 0.00065837570740987688 0.032385716036355837 0.032393571946219807
82 0.0005796069681891908 0.03242896058875052 0.032437797193630921
83 0.00051026220103883785 0.032495966450739516 0.032505454857814094
84 0.00044921391235588497 0.032619884964405682 0.0326308791915602
85 0.00039546950301874603 0.03292290350800537 0.032938080472134527
86 0.00034815512947424215 0.035160945052923241 0.035215290785221377
87 0.00030650149570061948 0.04108703627998668 0.04123708836574342
88 0.00026983134503456206 0.035826776420253878 0.035857162075916042
89 0.00023754844848874166 0.03333572273649265 0.03335540821199539
90 0.00020912791051825523 0.032860920181559922 0.032879736949571033
91 0.00018410763461502511 0.032731879931152043 0.032749745384809112
92 0.00016208080996716492 0.03268338484348958 0.032701871245514595
93 0.00014268929702206007 0.03265401781113262 0.032673414218994543
94 0.00012561780440740856 0.032659658947957533 0.032680065308853007
95 0.00011058876253135062 0.032656408203349127 0.032677973786694507
96 9.7357810510292423e-05 0.032650677078615596 0.032673709115358641
97 8.5709823045275043e-05 0.032655149661104547 0.032679613612994082
98 7.5455412646895361e-05 0.0326611650765921 0.032687089507630745
99 6.642785033759471e-05 0.032659528735261505 0.032687261280969285
100 5.8480354764257483e-05 0.032661859454016416 0.032691448584859749
101 5.1483705644135498e-05 0.032663795344543063 0.032695243727303855
102 4.5324142740529142e-05 0.032664157354009328 0.032697594445649875
103 3.9901516207154817e-05 0.032673818660291905 0.032709627222237435
104 3.5127658227193445e-05 0.032659495150930036 0.032697659147899613
105 3.0924949471099268e-05 0.032667054349715237 0.032707544397037852
106 2.7225057064854376e-05 0.032675179591741856 0.032718561932971492
107 2.3967823548984771e-05 0.032666830933323884 0.032713184824024376
108 2.1100288763649712e-05 0.032678532049879104 0.032727776368204592
109 1.8575828756393736e-05 0.032671090177181131 0.032723448044691912
110 1.6353397711850995e-05 0.032683660094296928 0.032739762003975444
111 1.4396860577750731e-05 0.032672668293221234 0.032732509197192013
112 1.2674405536226198e-05 0.032697521292178636 0.032760934644413139
113 1.1158026767653724e-05 0.032685366505833514 0.032753229803126137
114 9.823069097152095e-06 0.03268673557658567 0.032759226116776299
115 8.6478271200378799e-06 0.032677837197269612 0.032754815015334511
116 7.613192288318964e-06 0.032681546324464544 0.032763485548063631
117 6.7023422201189264e-06 0.032685625242915968 0.032773417410905913
118 5.9004671804378657e-06 0.032719719469243028 0.032813253292939576
119 5.1945292860331754e-06 0.032667546065890188 0.032766642171870086
120 4.5730505192732809e-06 0.032660356514186549 0.032766522529086774
121 4.0259261042295066e-06 0.032704036929217903 0.032817495107099047
122 3.5442602106421196e-06 0.032675435572688809 0.032795771006348166
123 3.1202213144309638e-06 0.032714334331575202 0.032842472667389974
124 2.7469148630217092e-06 0.032715536659088218 0.032852850551710694
125 2.4182711751219672e-06 0.032739535391682013 0.032885739356303928
126 2.1289467522822028e-06 0.032739716859864605 0.032894622828062561
127 1.8742373976418685e-06 0.032726933434094906 0.032892799279601127
128 1.6500017292371096e-06 0.032697982565564034 0.032875347149506504
129 1.4525938442541268e-06 0.032720252654368745 0.032908377257611282
130 1.2788040393997463e-06 0.032739208023947912 0.032939518586663587
131 1.1258066235471463e-06 0.032740954425823324 0.032955570471545612
132 9.9111397412972352e-07 0.032717872145133539 0.032946387281693836
133 8.7253609027472334e-07 0.03279642358110977 0.033038720641997477
134 7.6814498504109849e-07 0.032712667240902119 0.032971810911836423
135 6.7624333780624435e-07 0.032824556336553845 0.033101672264534351
136 5.9533689711306625e-07 0.032833931572700328 0.033127995831105234
137 5.2411018526849122e-07 0.032867630755370067 0.033180313284179606
138 4.6140510966852244e-07 0.032889265259786513 0.03322421755296226
139 4.0620213308611724e-07 0.032900093576630013 0.033257004168783626
140 3.576036967649736e-07 0.032831356380851183 0.033210204117655073
141 3.1481962679123547e-07 0.033017294015875984 0.033421726400619009
142 2.7715428646172909e-07 0.033046876829787047 0.03347920829639698
143 2.4399526575592994e-07 0.032984801689642428 0.03344443131425108
144 2.1480342401100698e-07 0.033192455213256429 0.033681649841132547
145 1.8910412390135102e-07 0.032990331033679522 0.033513457469566105
146 1.6647951419370802e-07 0.033160322028171998 0.033717923851715043
147 1.4656173580133661e-07 0.033186331338393042 0.033778726938843227
148 1.2902694067275592e-07 0.033200599359813412 0.033832055553706511
149 1.1359002626672665e-07 0.033405856139553734 0.034080093889439229
150 1.0000000000000045e-07 0.033534411266419921 0.034252107455668548
151 2.220446049250323e-23 0.038556337994539058 0.040637083141562232
