0 20 0
1 17.607179659450953 0
2 15.500638778009169 0
3 13.646126590032985 0
4 12.013490126316078 0
5 10.576183949554366 0
6 9.310838545560264 1.4032171723518601e-08
7 8.1968803525910285 1.0474569717256277e-07
8 7.2161972507546954 4.055898828134291e-07
9 6.3528440726036983 9.245617937528538e-07
10 5.5927833467405694 1.7415291497453652e-06
11 4.9236570591223288 2.7219921896615834e-06
12 4.3345857210745384 3.9987729068272762e-06
13 3.8159914770125076 5.4638573159590511e-06
14 3.3594423757346412 6.8744472096447016e-06
15 2.9575152732566279 8.4752851960396488e-06
16 2.6036751380899812 1.0414553693173795e-05
17 2.2921687965598037 1.223629111175954e-05
18 2.0179313905407974 1.5496243354045369e-05
19 1.7765040266848753 2.1482785383806721e-05
20 1.5639612781789325 2.0576304682817053e-05
21 1.3768473602660507 2.6968300463903866e-05
22 1.2121199417922572 2.9281432210687514e-05
23 1.0671006791969753 3.0821654775974118e-05
24 0.93943166866716399 3.1252994062863733e-05
25 0.82703710840002786 3.2670931923108348e-05
26 0.72808954763160516 3.0569238582947159e-05
27 0.64098017366590221 3.2271566601643564e-05
28 0.56429265379408067 2.7736252801611303e-05
29 0.4967801067930368 3.5416045377547763e-05
30 0.43734482957731152 3.7228699543537439e-05
31 0.38502044937498414 2.9897974117838654e-05
32 0.33895621123539432 2.3545712796545105e-05
33 0.29840314539541979 2.5094884179518566e-05
34 0.26270188959612101 2.1899348828219228e-05
35 0.23127196834980759 2.1137433726602998e-05
36 0.20360235484649586 2.1993166881016978e-05
37 0.17924316204347684 2.0653368759404648e-05
38 0.15779832784137884 2.1065958186731574e-05
39 0.13891917541320492 1.848177237309924e-05
40 0.12229874398215403 1.585963195626218e-05
41 0.1076667978709491 1.5823773705831713e-05
42 0.094785432673579612 1.6976577413542677e-05
43 0.083445207109125438 1.5321274307438849e-05
44 0.073461737664523269 1.0431380227804138e-05
45 0.06467270065773581 1.4170564392089636e-05
46 0.056935192977132315 1.4680648644450748e-05
47 0.05012340858469394 1.4996773656380208e-05
48 0.044126593004738625 1.3854037513126911e-05
49 0.03884724253969523 1.1228182923401774e-05
50 0.034199518933533984 1.4599195668864687e-05
51 0.030107853706476367 1.5269801077675798e-05
52 0.026505719468519786 1.4091232363554949e-05
53 0.023334548234261735 1.3949861131430711e-05
54 0.020542779151638518 1.4166848676211509e-05
55 0.018085020161366143 1.4130660740854608e-05
56 0.015921309956298316 1.3124397077074963e-05
57 0.014016468240717483 1.2773113365845866e-05
58 0.012339523725265058 1.2830245904859893e-05
59 0.010863210557139969 1.2926681002433469e-05
60 0.0095635249979003859 1.0938864451450774e-05
61 0.0084193351407841205 1.1087986541979313e-05
62 0.00741203732184574 1.1436549007101896e-05
63 0.0065252536384146813 1.1163615902312745e-05
64 0.0057445656567526654 1.1943821580476871e-05
65 0.0050572799791978014 1.1171374758546233e-05
66 0.0044522218590940035 1.1268216049023277e-05
67 0.0039195535078401424 1.1184106027819701e-05
68 0.0034506141398686296 1.1040104316415001e-05
69 0.0030377791548054389 1.1492731552526194e-05
70 0.0026743361672197214 1.0684050442042233e-05
71 0.0023543758683002552 1.0407460248607157e-05
72 0.0020726959449519217 1.0980932562172107e-05
73 0.0018247164941091974 1.0903278360505663e-05
74 0.0016064055569672058 9.7770300971575032e-06
75 0.0014142135623730983 1.0117764265970976e-05
76 0.0012450156134767643 1.0280699813191132e-05
77 0.0010960606792653467 9.3694269322702741e-06
78 0.00096492686487424043 9.9879799990657364e-06
79 0.00084948203340357519 9.8126071557569981e-06
80 0.00074784913898062321 9.6340873116756486e-06
81 0.00065837570740987688 9.5467247421945954e-06
82 0.0005796069681891908 9.8186278101299749e-06
83 0.00051026220103883785 1.0327734016927805e-05
84 0.00044921391235588497 1.0091620144664513e-05
85 0.00039546950301874603 9.8616510397623219e-06
86 0.00034815512947424215 1.0207030133736519e-05
87 0.00030650149570061948 9.5967369577279724e-06
88 0.00026983134503456206 9.5550914924458869e-06
89 0.00023754844848874166 9.7537535032032609e-06
90 0.00020912791051825523 9.3422704293157253e-06
91 0.00018410763461502511 9.6436712208827192e-06
92 0.00016208080996716492 9.2546976297145556e-06
93 0.00014268929702206007 9.3120040898795817e-06
94 0.00012561780440740856 9.2396795632592661e-06
95 0.00011058876253135062 9.9843767078550069e-06
96 9.7357810510292423e-05 9.2329865500595871e-06
97 8.5709823045275043e-05 9.5271084737900568e-06
98 7.5455412646895361e-05 9.8128288699409823e-06
99 6.642785033759471e-05 9.65632336712026e-06
100 5.8480354764257483e-05 9.463286465628817e-06
101 5.1483705644135498e-05 9.3987672080197945e-06
102 4.5324142740529142e-05 9.902596293749137e-06
103 3.9901516207154817e-05 9.6346055098097097e-06
104 3.5127658227193445e-05 9.2448663184097736e-06
105 3.0924949471099268e-05 9.0031198860326808e-06
106 2.7225057064854376e-05 9.1136404244445622e-06
107 2.3967823548984771e-05 8.6595154017396327e-06
108 2.1100288763649712e-05 8.7138024003687199e-06
109 1.8575828756393736e-05 9.0326655637742216e-06
110 1.6353397711850995e-05 9.2240538907794073e-06
111 1.4396860577750731e-05 9.2450556521712873e-06
112 1.2674405536226198e-05 8.8338757589239382e-06
113 1.1158026767653724e-05 8.2828941606077249e-06
114 9.823069097152095e-06 8.5739180138759941e-06
115 8.6478271200378799e-06 8.909497366801648e-06
116 7.613192288318964e-06 8.8296869754664181e-06
117 6.7023422201189264e-06 8.5915491201171592e-06
118 5.9004671804378657e-06 8.4182497593956973e-06
119 5.1945292860331754e-06 8.3563597880812376e-06
120 4.5730505192732809e-06 8.3268636995445791e-06
121 4.0259261042295066e-06 8.1520611468836304e-06
122 3.5442602106421196e-06 7.4542157099975717e-06
123 3.1202213144309638e-06 7.9487109304215652e-06
124 2.7469148630217092e-06 7.9193385510554928e-06
125 2.4182711751219672e-06 7.7292434194089463e-06
126 2.1289467522822028e-06 7.2275119653174628e-06
127 1.8742373976418685e-06 7.2539892147381761e-06
128 1.6500017292371096e-06 7.1617452614977269e-06
129 1.4525938442541268e-06 6.4333919770926596e-06
130 1.2788040393997463e-06 6.3385438954844834e-06
131 1.1258066235471463e-06 6.5728974801571834e-06
132 9.9111397412972352e-07 6.4964524175305239e-06
133 8.7253609027472334e-07 6.0345149136063339e-06
134 7.6814498504109849e-07 6.1038777879694302e-06
135 6.7624333780624435e-07 5.6799712644335832e-06
136 5.9533689711306625e-07 5.6904874685345013e-06
137 5.2411018526849122e-07 5.274540559749472e-06
138 4.6140510966852244e-07 5.1276939760338341e-06
139 4.0620213308611724e-07 4.9896186837183709e-06
140 3.576036967649736e-07 4.7285390691628919e-06
141 3.1481962679123547e-07 4.529156498969188e-06
142 2.7715428646172909e-07 4.1945559114384728e-06
143 2.4399526575592994e-07 3.8214779348867829e-06
144 2.1480342401100698e-07 3.9153513081989805e-06
145 1.8910412390135102e-07 3.566776615631933e-06
146 1.6647951419370802e-07 3.4884860932314691e-06
147 1.4656173580133661e-07 3.170088205826848e-06
148 1.2902694067275592e-07 2.8365594497813886e-06
149 1.1359002626672665e-07 2.7589439295124744e-06
150 1.0000000000000045e-07 2.3837410914172144e-06
151 2.220446049250323e-23 9.6563232275517817e-06
