0 20 0
1 18.177110431072052 0
2 16.520367181169419 0
3 15.014626930698752 0
4 13.646126590032981 0
5 12.402357499170909 0
6 11.271951093403212 0
7 10.244574989921677 0
8 9.3108385455602587 4.4672224074952855e-11
9 8.462207022426556 1.8357454667476637e-10
10 7.6909235768620459 4.856399800760575e-10
11 6.9899383586778532 9.4682038318366771e-10
12 6.352844072603693 1.5931015272662012e-09
13 5.7738174129549424 2.3669381790437286e-09
14 5.2475658362064364 3.4423685010904308e-09
15 4.7692791849522678 5.2396220126101248e-09
16 4.334585721074534 7.7320653279466977e-09
17 3.9395121662459944 1.0672465832301893e-08
18 3.5804473845202662 1.3682075429141003e-08
19 3.2541093750533987 1.6713450071295557e-08
20 2.9575152732566243 1.8974048320825263e-08
21 2.687954086178395 2.1132694610343745e-08
22 2.4429619129058024 2.2793408691835953e-08
23 2.2202994234895899 2.4190739334935556e-08
24 2.0179313905407943 2.5410827299566671e-08
25 1.8340080864093402 2.5700980719644698e-08
26 1.6668483759070856 2.4928816518796393e-08
27 1.5149243500358096 2.3678340621668328e-08
28 1.3768473602660483 2.2004543097160652e-08
29 1.2513553257143002 2.0366315799221024e-08
30 1.1373011972009486 1.8722397516117766e-08
31 1.0336424727456048 1.7149784746571371e-08
32 0.9394316686671621 1.5795719737202818e-08
33 0.85380765919046486 1.4491710143577347e-08
34 0.77598780540001056 1.3230287607742072e-08
35 0.70526080159606208 1.2007729317407355e-08
36 0.64098017366590088 1.0828716121774937e-08
37 0.5825583700426411 9.6878483517407893e-09
38 0.52946139124052116 8.607211975985531e-09
39 0.48120390887839992 7.6300093331523956e-09
40 0.43734482957731041 6.7503815458297583e-09
41 0.39748326318425792 5.9263339375160117e-09
42 0.36125485847015659 5.1624422217245055e-09
43 0.32832847280866706 4.4717143798706229e-09
44 0.29840314539541896 3.8634349063159525e-09
45 0.27120534634158899 3.32894459096309e-09
46 0.24648647649741029 2.8649656919483353e-09
47 0.22402059515296363 2.4645280354293278e-09
48 0.20360235484649522 2.1193453537042524e-09
49 0.18504512440355309 1.8212598873411424e-09
50 0.16817928305074251 1.5641195352480325e-09
51 0.15285067001159355 1.3416635129841025e-09
52 0.13891917541320448 1.150236633478122e-09
53 0.12625745962396437 9.8602742833853111e-10
54 0.11474978931657107 8.4571845901351062e-10
55 0.10429097961747821 7.2567554972698226e-10
56 0.094785432673579306 6.2332257523900595e-10
57 0.086146263848229807 5.3442373703402078e-10
58 0.078294507559677165 4.5893235795314866e-10
59 0.071158395502932875 3.9445249141998797e-10
60 0.064672700657735588 3.3957691947176015e-10
61 0.058778141086566295 2.9291210441992108e-10
62 0.053420838073182451 2.5105050571201526e-10
63 0.048551823648832787 2.1472947080108349e-10
64 0.044126593004738458 1.8405706608899422e-10
65 0.040104697699705122 1.5811165174465434e-10
66 0.036449375944615066 1.3381611568728511e-10
67 0.033127216584446464 1.1111699953209511e-10
68 0.030107853706476246 9.2312519437570417e-11
69 0.027363689083259035 7.6731564144083464e-11
70 0.024869639913396014 6.3817684432680394e-11
71 0.022602909554339828 5.3110843371781276e-11
72 0.020542779151638432 4.4230678776094386e-11
73 0.01867041826002282 1.1013159825788001e-11
74 0.016968712725336947 0
75 0.015422108254079364 0
76 0.014016468240717421 0
77 0.012738944553256738 0
78 0.011577860095992577 0
79 0.010522602076017977 0
80 0.0095635249979003408 0
81 0.0086918624998576308 0
82 0.0078996472255803071 0
83 0.0071796379992942602 0
84 0.0065252536384146484 0
85 0.0059305127988108879 0
86 0.0053899793028435849 0
87 0.00489871245044903 0
88 0.0044522218590939801 0
89 0.0040464264198192094 0
90 0.0036776169942130646 0
91 0.0033424225113499071 0
92 0.003037779154805422 0
93 0.002760902358105344 0
94 0.0025092613526344035 0
95 0.0022805560353628389 0
96 0.0020726959449519091 0
97 0.0018837811540713045 0
98 0.0017120849032763229 0
99 0.0015560378177112517 0
100 0.0014142135623730894 0
101 0.0012853158048187724 0
102 0.0011681663661496538 0
103 0.0010616944519683204 0
104 0.00096492686487423414 0
105 0.00087697910903635466 0
106 0.00079704730553484986 0
107 0.00072440084457476965 0
108 0.00065837570740987254 0
109 0.00059836839693622179 0
110 0.00054383042147866298 0
111 0.00049426328134970579 0
112 0.00044921391235588188 0
113 0.00040827054460333933 0
114 0.00037105893875044132 0
115 0.00033723896530515863 0
116 0.00030650149570061726 0
117 0.00027856557673194376 0
118 0.00025317586252759087 0
119 0.0002301002805822968 0
120 0.00020912791051825365 0
121 0.00019006705618548257 0
122 0.00017274349347961464 0
123 0.00015699887786140652 0
124 0.00014268929702205898 0
125 0.00012968395546510033 0
126 0.00011786397898136794 0
127 0.00010712132808949402 0
128 9.7357810510291664e-05 0
129 8.848418364864794e-05 0
130 8.0419338879236674e-05 0
131 7.3089560180084561e-05 0
132 6.6427850337594181e-05 0
133 6.0373318564258814e-05 0
134 5.4870623931641245e-05 0
135 4.9869469531363395e-05 0
136 4.532414274052877e-05 0
137 4.1193097389413208e-05 0
138 3.7438574012263485e-05 0
139 3.4026254710138881e-05 0
140 3.0924949471099003e-05 0
141 2.8106311080574493e-05 0
142 2.554457601608333e-05 0
143 2.3216328957963062e-05 0
144 2.1100288763649525e-05 0
145 1.9177113949218309e-05 0
146 1.7429225900209673e-05 0
147 1.5840648195810622e-05 0
148 1.4396860577750597e-05 0
149 1.308466622912602e-05 0
150 1.189207115002714e-05 0
151 1.0808174527410467e-05 0
152 9.8230690971520018e-06 0
153 8.9277505875491585e-06 0
154 8.1140354165474724e-06 0
155 7.3744858904106565e-06 0
156 6.7023422201188603e-06 0
157 6.0914607340968575e-06 0
158 5.53625772251089e-06 0
159 5.0316583998477953e-06 0
160 4.5730505192732334e-06 0
161 4.1562422147850481e-06 0
162 3.7774236858215655e-06 0
163 3.4331323741062909e-06 0
164 3.1202213144309308e-06 0
165 2.8358303700897913e-06 0
166 2.577360090045503e-06 0
167 2.3424479488697458e-06 0
168 2.1289467522821795e-06 0
169 1.9349050109052686e-06 0
170 1.7585491028429871e-06 0
171 1.5982670620419829e-06 0
172 1.4525938442541105e-06 0
173 1.3201979359251223e-06 0
174 1.1998691836092167e-06 0
175 1.09050773266525e-06 0
176 9.9111397412971251e-07 0
177 9.0077940787672364e-07 0
178 8.1867833855054503e-07 0
179 7.4406032836799249e-07 0
180 6.7624333780623662e-07 0
181 6.1460749147903628e-07 0
182 5.5858941221893087e-07 0
183 5.0767707157655677e-07 0
184 4.6140510966851715e-07 0
185 4.1935058159527733e-07 0
186 3.8112909154958236e-07 0
187 3.4639127927954644e-07 0
188 3.1481962679123182e-07 0
189 2.8612555610265553e-07 0
190 2.6004679152149358e-07 0
191 2.3634496233660802e-07 0
192 2.1480342401100444e-07 0
193 1.9522527796102108e-07 0
194 1.7743157182171085e-07 0
195 1.6125966374809651e-07 0
196 1.4656173580133484e-07 0
197 1.3320344283152348e-07 0
198 1.2106268450737975e-07 0
199 1.1002848926863386e-07 0
200 9.9999999999999201e-08 0
201 2.2204460492502953e-23 0
