0 20 0 0
1 18.527886247051331 0 0
2 17.164128439183692 0 0
3 15.900750962548708 0 0
4 14.73036525383972 0 0
5 13.646126590032987 0 0
6 12.641694058649682 0 0
7 11.711193474434298 0 0
8 10.849183025576426 0 0
9 10.050621448566011 0 0
10 9.3108385455602658 1.473556779189966e-10 5.1634955485312608e-11
11 8.6255078718400728 9.2033706593411863e-10 1.5886246702906182e-10
12 7.9906214336249342 2.9465484516260086e-09 3.0964672754698444e-10
13 7.40246624827265 4.7416694420259905e-09 3.8423852496894247e-10
14 6.8576026297816242 7.9590825085739555e-09 5.2633357298259032e-10
15 6.3528440726036992 1.0089628447440579e-08 5.4682358816599256e-10
16 5.8852386161227823 1.4298535366908023e-08 6.6467826968596809e-10
17 5.4520515808138352 2.0651215540374628e-08 8.1368761501835311e-10
18 5.0507495751187559 2.7979395453908862e-08 9.3962810313356799e-10
19 4.6789856795071572 3.8106011740723924e-08 1.1066942893343147e-09
20 4.3345857210745393 5.2785708318859385e-08 1.2937191608659069e-09
21 4.0155355584081018 6.7081541274343907e-08 1.5081784624336407e-09
22 3.7199693023587526 8.6677140832817942e-08 1.7055143457896343e-09
23 3.4461584038312933 1.050295831080876e-07 1.8915038988091469e-09
24 3.1925015447753093 1.2434937314469549e-07 2.0687275426833681e-09
25 2.9575152732566292 1.3834630873868033e-07 2.1795679374641551e-09
26 2.739825327840788 1.5791890121660976e-07 2.3507282918303115e-09
27 2.538158600551212 1.8080977964727178e-07 2.5299659648593249e-09
28 2.3513356913993926 2.0203414271156496e-07 2.6938958858923175e-09
29 2.178264010943987 2.191498850205761e-07 2.804416455697081e-09
30 2.0179313905407983 2.5304608413855399e-07 3.039119726124988e-09
31 1.8694001629147012 2.898271434159375e-07 3.3018176436102487e-09
32 1.7318016784351404 3.0846826578302702e-07 3.3644196275858437e-09
33 1.6043312250249424 3.4389353489985784e-07 3.6401382731438577e-09
34 1.4862433219927322 3.7215261917008594e-07 3.7416417522621012e-09
35 1.3768473602660514 4.1449643301472126e-07 3.8987548413132854e-09
36 1.2755035635281151 4.6931329762527825e-07 4.1554137221415895e-09
37 1.1816192466378763 4.9834422453992524e-07 4.1544776672887824e-09
38 1.094645349451653 5.7390264876954827e-07 4.5089571564025364e-09
39 1.014073225775199 5.9847816991964683e-07 4.3567194853286495e-09
40 0.93943166866716443 6.9925025861932953e-07 4.6728254881193567e-09
41 0.87028415469714193 8.2378551650731115e-07 5.0100618484319565e-09
42 0.80622629104199339 9.3210435280824238e-07 5.2750990996109499e-09
43 0.74688345049040761 1.070680897998049e-06 5.668044533675321e-09
44 0.69190858052457327 1.1694642213209244e-06 5.8409790894580975e-09
45 0.64098017366590243 1.3211992901953056e-06 6.2346507830691651e-09
46 0.5938003872148524 1.3723097047363505e-06 6.1030704281415003e-09
47 0.55009330138859092 1.4911339669704048e-06 6.3317945648032076e-09
48 0.50960330566963685 1.5392980613752842e-06 6.2594605673436559e-09
49 0.47209360392841798 1.6220056511238374e-06 6.3940365737717556e-09
50 0.43734482957731169 1.6021879001297284e-06 6.1462803771912003e-09
51 0.40515376265722408 1.8244286173885903e-06 6.8678389780932074e-09
52 0.37533214135389403 1.9240244891808512e-06 7.0467351584879138e-09
53 0.34770556099335698 1.8742791689919328e-06 6.6985464910071946e-09
54 0.3221124540776043 2.0058761371237188e-06 7.1046020802433812e-09
55 0.2984031453954199 1.834789626207805e-06 6.2790450914992392e-09
56 0.27643897668243295 1.8964556277905946e-06 6.4512358201407429e-09
57 0.25609149571116963 2.2274906539209147e-06 7.4926877736872981e-09
58 0.23724170506868922 1.853407772960519e-06 6.1382128099469165e-09
59 0.21977936622845876 1.9530625316610517e-06 6.4876210071292636e-09
60 0.20360235484649594 2.0058719533156256e-06 6.7170859891945239e-09
61 0.18861606351138285 1.9952011781716354e-06 6.8274191536173652e-09
62 0.17473284845527554 1.9895415445635659e-06 6.6777190359363142e-09
63 0.16187151699013019 2.006640517483668e-06 6.7906179549394718e-09
64 0.14995685267153844 2.048722203244597e-06 6.7819234212920992e-09
65 0.13891917541320498 1.8618773993412552e-06 6.1869982213853275e-09
66 0.1286939339795016 1.8877466239390419e-06 6.7598995152851645e-09
67 0.11922132847288698 2.0122466380473546e-06 7.0046561808437131e-09
68 0.11044596060839959 2.0093864036358309e-06 6.5883133243365716e-09
69 0.10231650972993699 1.8077895636583638e-06 6.2286522754498277e-09
70 0.094785432673579653 1.811299167495939e-06 6.1355785839231997e-09
71 0.087808685722681315 1.7736234581318773e-06 6.1285029878477434e-09
72 0.081345467028645979 1.2779549071494317e-06 4.3919499182317906e-09
73 0.075357977991000871 1.6694871226003096e-06 5.7384004652450587e-09
74 0.0698112022012531 1.8748582071378042e-06 8.8369092456705284e-09
75 0.064672700657735852 1.533081207658586e-06 5.6541935278776577e-09
76 0.059912422053806584 2.0915350884112214e-06 7.4041761553468338e-09
77 0.055502527029912894 1.1526615233653178e-06 4.0929161895801535e-09
78 0.051417225361705891 2.0763492210908156e-06 8.2252131833753399e-09
79 0.047632625132034472 2.1498945569508645e-06 7.5457102841630404e-09
80 0.044126593004738653 1.7528666326462966e-06 6.3535309909743316e-09
81 0.040878624783086438 1.5661319526065673e-06 6.3826705050350773e-09
82 0.037869725495845948 1.6709253576749359e-06 5.9921947486993818e-09
83 0.035082298309704663 1.3705109162846916e-06 5.1127369484097375e-09
84 0.032500041618366456 1.4152787433651041e-06 5.7958700417671485e-09
85 0.030107853706476385 1.5454646729152822e-06 5.7173166957094448e-09
86 0.027891744430822863 1.4100926405377669e-06 5.5360632068995385e-09
87 0.025838753402305674 9.8729907039743238e-07 3.8283295448775199e-09
88 0.023936874190176503 1.3944484650952413e-06 6.757669882019086e-09
89 0.022174984105278461 1.5090564892569493e-06 6.2441531113405953e-09
90 0.020542779151638532 1.3208559204515307e-06 5.7816718846601032e-09
91 0.019030713765992819 1.5348892300063775e-06 6.0625468121314794e-09
92 0.017629944992825438 7.436746776048169e-07 3.1447845277573199e-09
93 0.016332280768442096 1.9043096268909121e-06 7.217710939929063e-09
94 0.015130132011629962 1.3440943577868347e-06 5.4381206724340308e-09
95 0.014016468240717493 1.2267196824050642e-06 4.8793659574630702e-09
96 0.01298477645747107 9.0005193670034484e-07 5.539435648479005e-09
97 0.012029023057370707 2.2785385526487425e-06 9.8621362982004583e-09
98 0.011143618543506104 1.1567880561301605e-06 4.6948848417628938e-09
99 0.010323384837730647 8.9621412174310102e-07 4.1440424550170449e-09
100 0.0095635249979003946 5.6887431684029159e-07 2.6073905160549749e-09
101 0.0088595951640965155 1.0479487050572066e-06 5.169706076294552e-09
102 0.0082074785697653155 8.5838868590097449e-07 3.7510024421355496e-09
103 0.007603361465786166 3.6114879295327114e-07 2.0380235455061029e-09
104 0.0070437108166649777 5.1902650802890666e-06 2.8096921806967516e-08
105 0.0065252536384146865 1.5482399961157044e-06 7.2023914205695131e-09
106 0.0060449578572852559 1.2153508608288468e-06 6.029920427912861e-09
107 0.0056000145774000188 9.894714028107696e-07 5.1514100959307993e-09
108 0.0051878216535948393 5.8971567538257063e-07 3.6398535599237093e-09
109 0.0048059684733897457 1.0073259504188677e-06 5.3242531023971403e-09
110 0.004452221859094007 1.0703431810822236e-06 5.6954604654127342e-09
111 0.004124513007596458 1.156336673023161e-06 6.1458229215184947e-09
112 0.0038209253914615366 6.5900077349924493e-07 3.7280450364890517e-09
113 0.0035396835505734714 1.0178835404590699e-06 5.2663806626756499e-09
114 0.0032791427087792021 8.6799887951284875e-07 4.5721171819133978e-09
115 0.003037779154805441 7.6404232522948285e-07 4.0484372145129546e-09
116 0.0028141813311949471 6.3371981701537519e-07 3.3681266943799556e-09
117 0.0026070415791477732 3.7944259660246897e-07 2.1688110620679539e-09
118 0.0024151484909891506 4.177128273959998e-07 2.8114822962108798e-09
119 0.0022373798255392327 4.6789437357181916e-07 2.70472832837436e-09
120 0.002072695944951923 1.5605776744220264e-07 1.0262133249030612e-09
121 0.0019201337346396897 1.209317963215747e-07 9.6503131292267144e-10
122 0.0017788009707265008 5.8318502397432979e-07 3.4728077265449817e-09
123 0.0016478711020882545 7.1718446029408724e-07 4.2628192827478399e-09
124 0.0015265784164647145 6.9713396453418665e-07 4.1634755365052953e-09
125 0.0014142135623730991 6.6792338328906143e-07 3.9725301708317647e-09
126 0.0013101194006343007 6.2521992754834799e-07 3.7786668752273857e-09
127 0.0012136871612503696 5.9842304726931552e-07 3.6675349095745469e-09
128 0.0011243528831576747 5.664398306743377e-07 3.4588036079158761e-09
129 0.0010415941160344796 5.4164106456655664e-07 3.303610849925276e-09
130 0.00096492686487424119 4.9421945021059114e-07 3.082758035417157e-09
131 0.00089390275945569052 4.7515485793596183e-07 3.0235204193911336e-09
132 0.00082810643215601616 4.5303069253419774e-07 2.8938429291438205e-09
133 0.00076715308877190987 4.2315848378482551e-07 2.755550371502202e-09
134 0.00071068625814200092 4.02167550881997e-07 2.6396599532117293e-09
135 0.00065837570740987753 3.7045756856171251e-07 2.4564131810335517e-09
136 0.00060991551073560804 2.9502563778643925e-07 2.0504025492312405e-09
137 0.000565022260161078 1.4984110354005947e-07 1.3091371188444972e-09
138 0.00052343340816581475 2.4615902672820454e-07 2.3175341968221028e-09
139 0.00048490573222013022 1.928137348152404e-07 1.913107796954263e-09
140 0.0004492139123558853 1.7914111074541759e-07 1.7986303512153361e-09
141 0.00041614921343613643 1.7101063026513283e-07 1.726982417215677e-09
142 0.00038551826441723106 1.6664588687138028e-07 1.7038950318579664e-09
143 0.00035714192746415566 1.6088517488265936e-07 1.6578279124277365e-09
144 0.00033085425030542667 1.5480596660324821e-07 1.5994116728505069e-09
145 0.00030650149570061964 1.512495889618625e-07 1.5546529875336271e-09
146 0.00028394124234460864 1.4678000893790928e-07 1.5259316781317025e-09
147 0.00026304155195036718 1.4564896460326005e-07 1.5062814696802461e-09
148 0.00024368019763921231 1.3902473932730822e-07 1.4610457167518991e-09
149 0.00022574394912591559 1.1548954406778169e-07 1.2764818813279382e-09
150 0.00020912791051825533 1.0606348054763769e-07 1.2872138337270689e-09
151 0.00019373490685828821 1.0226553426712782e-07 1.2398364704696538e-09
152 0.00017947491581767243 1.0145977220475217e-07 1.2284249784533319e-09
153 0.00016626454122344741 1.0024392313301611e-07 1.2319675802057903e-09
154 0.00015402652533531052 9.7572989322517863e-08 1.2078890071527519e-09
155 0.00014268929702206015 9.6733041386465479e-08 1.1966542014873488e-09
156 0.00013218655319482254 9.4918117787236409e-08 1.179763480303789e-09
157 0.00012245687104917358 9.3490323498713192e-08 1.1789865898155207e-09
158 0.00011344334884844607 9.4598187266352661e-08 1.1936590490609208e-09
159 0.00010509327314742851 8.9743619685129277e-08 1.1435995327662696e-09
160 9.7357810510292477e-05 8.8692178539159905e-08 1.1437336551824227e-09
161 9.0191721919833867e-05 8.5524627095743592e-08 1.1225933747201869e-09
162 8.3553098207818401e-05 8.6822661259580219e-08 1.1240456812280278e-09
163 7.7403114959158381e-05 8.504485857781662e-08 1.1004419100475013e-09
164 7.170580545653619e-05 8.2747626100070405e-08 1.0961658410073433e-09
165 6.642785033759475e-05 8.0461076690910355e-08 1.0828644295313732e-09
166 6.1538382734555291e-05 7.9456025568227042e-08 1.0718290174481219e-09
167 5.7008807756667401e-05 7.7636139767696754e-08 1.0629865513790648e-09
168 5.2812635259777557e-05 7.7080283603831041e-08 1.0636081953482159e-09
169 4.892532492500854e-05 7.5117642374852813e-08 1.0472092989770002e-09
170 4.5324142740529169e-05 7.2127246581123352e-08 1.0221813985601825e-09
171 4.1988028047082091e-05 6.98690476084183e-08 9.8619502921311627e-10
172 3.8897470369716887e-05 6.9111703037924654e-08 1.0015649214965558e-09
173 3.603439531540821e-05 6.797867571812683e-08 9.9092588117281458e-10
174 3.3382058869258135e-05 6.4493318926149553e-08 9.5925916924984446e-10
175 3.0924949471099281e-05 6.2607540446705813e-08 9.4071570090051876e-10
176 2.8648697299816884e-05 6.0631870216057923e-08 9.202077005221023e-10
177 2.653999023486069e-05 6.0326567659929695e-08 9.3277252564684289e-10
178 2.4586496003467599e-05 5.6326213633816559e-08 8.9099763438353221e-10
179 2.2776790058291491e-05 5.6233495421792292e-08 8.9116873997630232e-10
180 2.1100288763649719e-05 5.3982395860514142e-08 8.800177076418379e-10
181 1.9547187499641868e-05 5.2417415823811389e-08 8.6492521807104328e-10
182 1.8108403322157414e-05 4.9585898592246415e-08 8.291846711607551e-10
183 1.6775521843432948e-05 4.5257233830885565e-08 7.9345860922223059e-10
184 1.5540748022502524e-05 4.5923191142118012e-08 8.05847840038444e-10
185 1.4396860577750734e-05 4.4093038823942877e-08 7.9880028332294135e-10
186 1.3337169754961166e-05 4.0811688340486421e-08 7.55915337770003e-10
187 1.2355478203876697e-05 3.8571111145805023e-08 7.367245414159908e-10
188 1.1446044734467477e-05 3.7575258163771306e-08 7.4151079394936656e-10
189 1.0603550740943713e-05 3.4115056211365713e-08 6.917390681132239e-10
190 9.8230690971520984e-06 3.4116799366040026e-08 6.9957494820934507e-10
191 9.1000353414479647e-06 3.0285562706738586e-08 6.4062664335300361e-10
192 8.4302209825247397e-06 2.8399844918820445e-08 6.1906820780174705e-10
193 7.8097087700861833e-06 2.6880660963059224e-08 5.8789426445799476e-10
194 7.2348697857377978e-06 2.4893734644833523e-08 5.8438371170157182e-10
195 6.7023422201189273e-06 2.4045683416837868e-08 5.971253299786161e-10
196 6.2090117121586479e-06 2.1567918793828027e-08 5.406233358571046e-10
197 5.7519931354742422e-06 2.1705620137552834e-08 5.5376180760955821e-10
198 5.3286137253943436e-06 1.8035180200585978e-08 4.9072746468509461e-10
199 4.9363974479291405e-06 1.8131359111387176e-08 5.048855177524505e-10
200 4.5730505192732809e-06 1.5592241364904297e-08 4.5563521592770568e-10
201 4.2364479911557185e-06 1.4864983165072319e-08 4.4283778101936298e-10
202 3.924621323584114e-06 1.3709182166310807e-08 4.3247962594853703e-10
203 3.6357468723059245e-06 1.2408207294646787e-08 4.0306475612164826e-10
204 3.3681352236578413e-06 1.1707641654391046e-08 3.9912887040067003e-10
205 3.1202213144309638e-06 1.1063772295268187e-08 3.9232848362830826e-10
206 2.8905552789700938e-06 9.27416041281864e-09 3.5629765190107655e-10
207 2.677793969978581e-06 8.2714697085828849e-09 3.2869998599311945e-10
208 2.4806931034401567e-06 7.697219118520256e-09 3.321690580531945e-10
209 2.2980999817191982e-06 7.1857307098710531e-09 3.0809916828999162e-10
210 2.1289467522822024e-06 6.2072418376017239e-09 2.9803347777051726e-10
211 1.9722441626157009e-06 5.171485885166174e-09 2.601324833511108e-10
212 1.8270757748177356e-06 4.9769997188588788e-09 2.5676477213533915e-10
213 1.6925926060283089e-06 4.5264979831320579e-09 2.543100151086163e-10
214 1.5680081633546338e-06 3.7679026385844226e-09 2.2230856478752217e-10
215 1.4525938442541268e-06 3.7028982875130043e-09 2.3017333748047163e-10
216 1.3456746754753729e-06 2.915393429229286e-09 1.9453474366786173e-10
217 1.2466253656372712e-06 2.0956300712681434e-09 1.5214884808759436e-10
218 1.1548666483608067e-06 2.3202789207651358e-09 1.7772492128290047e-10
219 1.0698618945671228e-06 1.8254386939335836e-09 1.6527761602599246e-10
220 9.9111397412972373e-07 1.3660334709720814e-09 1.2978318367695456e-10
221 9.1816234852692485e-07 9.133999087523008e-10 9.6801188148785589e-11
222 8.5058037749161806e-07 1.1259926442007535e-09 1.3265610082741332e-10
223 7.8797282390693396e-07 8.7681629502908968e-10 1.0512426451955061e-10
224 7.2997354235577412e-07 7.1213500974464064e-10 1.0616836428526247e-10
225 6.7624333780624445e-07 3.4254247101121758e-10 5.8765456356518898e-11
226 6.2646798191002018e-07 3.8689039794629931e-10 7.9338416790681718e-11
227 5.8035637531243321e-07 4.5023015425438805e-10 8.5710985303017778e-11
228 5.3763884522698962e-07 2.1674679212458166e-10 5.2381054925616183e-11
229 4.9806556831808499e-07 1.2495809894389745e-10 4.0578452381786041e-11
230 4.614051096685226e-07 9.7456820083319943e-11 3.6670333681037747e-11
231 4.2744306928733156e-07 8.2452610686486345e-11 3.0334071193541643e-11
232 3.9598082824230798e-07 2.8096905740611966e-11 1.5157284338989645e-11
233 3.6683438708433265e-07 4.664233720114372e-12 3.7215866291235666e-12
234 3.3983328977026557e-07 6.2129806349639612e-12 6.2129803953758474e-12
235 3.1481962679123563e-07 1.4068335693243043e-11 1.4068335150732738e-11
236 2.9164711167635835e-07 1.223411497347799e-11 1.2234114501699836e-11
237 2.7018022547103219e-07 3.9432167164315277e-11 3.2862927222248955e-11
238 2.5029342418649826e-07 1.9280075762503414e-11 1.5194486347137414e-11
239 2.318704045856203e-07 9.5129005597704267e-12 9.5129001929291245e-12
240 2.1480342401100711e-07 0 0
241 1.989926702776537e-07 0 0
242 1.8434567794506801e-07 0 0
243 1.7077678755508898e-07 0 0
244 1.5820664467287701e-07 0 0
245 1.4656173580133671e-07 0 0
246 1.3577395845487786e-07 0 0
247 1.257802228781925e-07 0 0
248 1.1652208308079569e-07 0 0
249 1.0794539502952235e-07 0 0
250 1.0000000000000051e-07 0 0
251 2.2204460492503244e-23 0 0
